p 0.0 0.0 0.0 -0.0578214 0.1634476 -0.9848561
1 -67.76786 127.04688 -56.48203 -0.47702432 -0.139583 -0.8677352
1 -26.708437 140.25122 -144.25568 -0.21027151 0.045864794 -0.9765666
1 14.465705 145.41357 -165.93837 -0.046246473 -0.072587654 -0.99628925
1 43.533833 133.4721 -158.11679 0.040630005 -0.13768396 -0.9896425
1 79.90278 119.452934 -123.28257 0.18615945 -0.3851342 -0.90388954

p 0.19511223 -1.0090942 0.04250717 -0.043731906 0.15998486 -0.98615026
1 -86.78071 -4.1619263 -4.72995 -0.50555617 -0.12380942 -0.85386425
1 -44.77349 9.180328 -95.339096 -0.21266858 0.045869388 -0.97604716
1 -2.2065315 12.189926 -116.70157 -0.03705994 -0.06624405 -0.99711496
1 26.720533 -0.5336304 -108.43956 0.044054333 -0.13987765 -0.9891883
1 64.227356 -13.29776 -73.52263 0.2073712 -0.3682123 -0.9063205

p 0.3034935 -1.5961609 0.03482437 -0.03366889 0.1594178 -0.9866369
1 -88.06787 -4.224846 -3.160099 -0.5372141 -0.10603078 -0.83675474
1 -45.39045 9.152405 -95.97841 -0.21405584 0.046307318 -0.9757232
1 -1.8320312 10.404404 -116.97719 -0.030045386 -0.0637618 -0.99751276
1 26.919565 -2.522583 -108.42624 0.046439506 -0.14411917 -0.98847
1 65.269264 -14.540085 -73.57184 0.22302017 -0.35599193 -0.9074865

p 0.36008263 -1.9125214 0.0014648438 -0.024384437 0.15907699 -0.986965
1 -89.33643 -4.2194977 -1.8032188 -0.5644726 -0.07950226 -0.82161427
1 -45.924644 9.086456 -96.424774 -0.21539702 0.045962986 -0.97544426
1 -1.5257826 9.044022 -117.25943 -0.02455293 -0.063256614 -0.9976952
1 26.976744 -3.9311829 -108.68405 0.048308447 -0.14759946 -0.98786676
1 65.999084 -15.563782 -73.83316 0.23390494 -0.3477949 -0.90792465

p 0.3639412 -1.6187592 -0.13368988 -0.019401938 0.16000354 -0.9869257
1 -90.160706 -4.163513 -0.83301544 -0.581219 -0.0785833 -0.8099439
1 -46.23236 9.219589 -96.667694 -0.21493664 0.03925847 -0.9758386
1 -1.4652529 7.7265625 -117.31081 -0.02017303 -0.07052466 -0.99730605
1 26.380304 -4.70607 -108.60394 0.04765884 -0.1568089 -0.9864784
1 66.077255 -15.731689 -74.10292 0.23818667 -0.34427702 -0.9081522

p 0.4115448 -1.149765 -0.8925476 -0.01853542 0.16552061 -0.9860321
1 -90.11664 -4.4880753 -1.0395699 -0.60916996 -0.08086872 -0.7889057
1 -45.858788 9.070877 -96.78476 -0.21074763 0.025862532 -0.9771983
1 -1.3944244 6.109146 -117.30209 -0.015753794 -0.085051306 -0.996252
1 25.732954 -5.40432 -107.871506 0.0466883 -0.1747586 -0.98350376
1 65.76305 -14.706978 -74.22394 0.23801354 -0.3426488 -0.9088132

p 0.5300808 -0.80055237 -1.3602715 -0.018653924 0.16914234 -0.9854151
1 -89.945366 -5.0249405 -1.282814 -0.63402766 -0.08875879 -0.7681997
1 -45.381462 8.807343 -97.01146 -0.20581587 0.01137105 -0.9785247
1 -1.3476553 4.788666 -117.059616 -0.011830378 -0.09996059 -0.9949211
1 25.274881 -5.7446976 -107.402695 0.045330532 -0.1942796 -0.9798983
1 65.40054 -13.5824585 -74.49663 0.23824248 -0.33760592 -0.9106387

p 0.81789017 -0.5348053 -1.8894501 -0.019230444 0.17620191 -0.9841662
1 -89.7038 -5.5126038 -1.6176376 -0.65783113 -0.092703685 -0.74743843
1 -44.657455 8.674683 -97.289734 -0.20084298 -0.0013717383 -0.9796225
1 -1.0387516 3.4808807 -117.00885 -0.007647711 -0.11663402 -0.9931455
1 25.217157 -5.857193 -107.08115 0.043519005 -0.21570557 -0.9754882
1 65.1896 -12.298859 -74.953705 0.23761895 -0.33134058 -0.91309947

p 1.2850113 -0.52793884 -2.512371 -0.019324822 0.1819365 -0.9831204
1 -89.3582 -6.2039566 -1.8751411 -0.679788 -0.09613588 -0.7270806
1 -43.776978 8.226349 -97.44063 -0.19616157 -0.012909967 -0.9804866
1 -0.4771366 1.740036 -117.16356 -0.0034667582 -0.1395276 -0.99021214
1 25.546984 -6.3142166 -107.057175 0.042469487 -0.2334751 -0.9714349
1 65.38515 -11.043144 -75.33975 0.23772252 -0.3253169 -0.915236

p 1.7448711 -0.58714294 -2.6577454 -0.020663975 0.18825065 -0.9819036
1 -89.03737 -6.7951508 -2.1178741 -0.6987461 -0.09855672 -0.7085481
1 -42.910484 7.7447357 -97.50165 -0.19170369 -0.023211366 -0.98117834
1 0.09882736 0.123703 -116.60275 6.3962454E-4 -0.16817805 -0.98575646
1 25.947535 -6.7195206 -106.74826 0.040999964 -0.251413 -0.96701115
1 65.69578 -10.00161 -75.66255 0.23783302 -0.3191704 -0.9173689

p 2.3399124 -0.67689514 -3.0286942 -0.021444274 0.1921897 -0.98112345
1 -88.5811 -7.3679276 -2.3780365 -0.71403384 -0.10139454 -0.69272995
1 -41.9077 7.3292084 -97.51456 -0.18732207 -0.032355748 -0.9817655
1 0.9604702 -1.5461731 -116.38855 0.0044249995 -0.19780445 -0.9802315
1 26.576452 -7.423935 -106.63367 0.03974076 -0.2686363 -0.96242154
1 66.15512 -9.510536 -76.02603 0.23706555 -0.3156185 -0.91879535

p 2.8913994 -0.71865845 -3.2857475 -0.022931146 0.19457838 -0.9806189
1 -88.07185 -7.8731155 -2.6654015 -0.7264207 -0.104736514 -0.6792225
1 -41.0094 6.959854 -97.77034 -0.18332157 -0.041875664 -0.9821607
1 1.7639675 -2.6761627 -116.17198 0.008061632 -0.21895899 -0.97570074
1 27.098227 -7.970566 -106.78906 0.038437057 -0.28091908 -0.9589614
1 66.59339 -9.202461 -76.303604 0.23563425 -0.31379983 -0.9197859

p 3.434782 -0.763855 -3.3996353 -0.023815684 0.19684534 -0.9801453
1 -87.61635 -8.31443 -3.001789 -0.73588485 -0.10803389 -0.66843265
1 -40.13128 6.6315002 -98.0569 -0.1794249 -0.050210364 -0.9824895
1 2.550146 -3.682045 -115.9245 0.01086125 -0.23681262 -0.9714946
1 27.610132 -8.289917 -106.89038 0.037313614 -0.2904549 -0.9561609
1 66.99369 -9.141403 -76.48909 0.23335014 -0.31399825 -0.92030036

p 3.9616776 -0.7812958 -3.7132378 -0.023653122 0.19967958 -0.9795757
1 -86.96298 -8.766556 -3.3338432 -0.74362624 -0.11366216 -0.65886337
1 -39.190147 6.3995056 -98.12833 -0.17587037 -0.05787681 -0.9827105
1 3.3505764 -4.752777 -116.56595 0.01320303 -0.24988823 -0.96818465
1 28.175508 -8.583092 -106.92441 0.03631346 -0.29869583 -0.95365727
1 67.39287 -9.2359085 -76.624435 0.23116739 -0.3146274 -0.9206363

p 4.7586994 -0.75665283 -4.1181946 -0.022820598 0.2026831 -0.97897846
1 -86.302086 -8.947899 -3.852665 -0.7502559 -0.114204444 -0.65120924
1 -37.76612 6.217224 -98.542816 -0.17141068 -0.066398755 -0.9829596
1 4.419117 -4.822815 -116.62169 0.015620703 -0.25900054 -0.9657509
1 29.230726 -8.557472 -107.01341 0.035736818 -0.3058354 -0.95141345
1 67.933426 -9.676918 -76.7126 0.22754778 -0.31840318 -0.92023987

p 5.561859 -0.72735596 -4.4316063 -0.021063587 0.20471779 -0.97859436
1 -85.48991 -9.105698 -4.428669 -0.7556268 -0.11505353 -0.6448184
1 -36.25725 6.1837463 -98.86464 -0.16692027 -0.07266119 -0.98328936
1 5.5187073 -4.9927673 -116.80652 0.01766339 -0.2671073 -0.9635049
1 30.39895 -8.617233 -107.24049 0.035610422 -0.31120378 -0.9496758
1 68.475685 -10.315422 -76.9057 0.22345857 -0.32349095 -0.91946715

p 6.3586807 -0.69007874 -4.887909 -0.018566515 0.20777586 -0.9780002
1 -84.59844 -9.167625 -5.0824165 -0.76000386 -0.11398542 -0.63984483
1 -34.649864 6.417679 -99.217926 -0.16255309 -0.077191554 -0.9836757
1 6.708647 -4.8909454 -117.06644 0.02008897 -0.2722636 -0.96201295
1 31.839087 -8.532127 -107.36426 0.035992008 -0.3162795 -0.947983
1 69.13645 -10.862129 -77.08725 0.22007163 -0.32748178 -0.91887116

p 7.1670055 -0.6604004 -5.2830086 -0.016653772 0.2080631 -0.97797364
1 -83.67711 -9.189377 -5.734726 -0.76377624 -0.1139749 -0.63533896
1 -33.07682 6.6096497 -99.88289 -0.15841828 -0.08058418 -0.98407817
1 8.515114 -4.6331863 -117.38835 0.022751754 -0.27635708 -0.9607857
1 33.50939 -8.404488 -107.50218 0.037011836 -0.3201485 -0.9466441
1 69.91967 -11.352547 -77.16441 0.21642654 -0.3323261 -0.91799724

p 9.13674 -0.77641296 -3.5743752 -0.0071363724 0.20173559 -0.97941405
1 -82.36016 -8.076721 -7.0001755 -0.757436 -0.12963054 -0.6399114
1 -29.436096 8.804184 -101.679184 -0.15305766 -0.072385594 -0.9855626
1 13.872717 -1.2843018 -119.164764 0.029318947 -0.26469958 -0.9638851
1 38.524643 -6.512665 -108.82201 0.04397964 -0.3108732 -0.9494333
1 73.04745 -12.264809 -77.69 0.21766968 -0.33303508 -0.9174462

p 13.40085 -0.8224945 -3.9370918 0.036345616 0.20344453 -0.9784116
1 -80.551384 -3.7142792 -9.705742 -0.7824113 -0.1250461 -0.61007875
1 -22.095053 16.296967 -105.93207 -0.1420319 -0.03956019 -0.98907125
1 26.068235 8.177795 -122.89845 0.050533473 -0.22129922 -0.9738958
1 50.817146 -2.925171 -111.87607 0.0710447 -0.2795882 -0.9574879
1 79.07148 -15.757454 -78.37065 0.2315898 -0.33215436 -0.91435206

p 15.808077 -1.1293335 -4.9850235 0.08982256 0.18394548 -0.9788238
1 -79.24994 1.2483673 -12.831806 -0.80848575 -0.12149882 -0.57583755
1 -15.574121 24.122757 -110.2845 -0.12581266 0.0072693857 -0.9920274
1 34.907143 14.568344 -126.08208 0.07691685 -0.16542816 -0.98321784
1 59.662804 -3.683281 -115.94078 0.104294 -0.25341883 -0.9617181
1 80.12998 -22.38144 -79.92474 0.23854868 -0.34381354 -0.90823275

p 15.070055 -1.514389 -6.150978 0.1276986 0.14864074 -0.98061156
1 -78.865875 5.973282 -15.81982 -0.8351139 -0.120339066 -0.5367526
1 -11.985447 31.083588 -113.96333 -0.10745743 0.064274214 -0.9921299
1 36.492195 16.245605 -129.83846 0.10087232 -0.10921762 -0.9888864
1 60.10927 -7.199379 -119.12962 0.13095841 -0.23792362 -0.9624148
-1 

p 13.3411255 -1.99086 -6.380909 0.13816477 0.10883172 -0.9844116
1 -79.035286 10.06102 -18.25793 -0.8540034 -0.114195876 -0.50758004
1 -11.331562 36.212677 -116.86603 -0.090425536 0.11934399 -0.98872656
1 33.923714 15.614487 -132.8909 0.12307896 -0.070596896 -0.98988265
-1 
-1 

p 10.910143 -2.1444702 -5.7444954 0.13217878 0.060522392 -0.9893765
1 -79.30913 13.075897 -19.976788 -0.8592762 -0.109497234 -0.49965474
1 -13.061766 39.914536 -119.021454 -0.07631341 0.16524138 -0.9832963
1 29.441591 14.376038 -135.45815 0.13499446 -0.051081028 -0.9895288
-1 
-1 

p 8.29417 -2.1310883 -4.9694214 0.122117996 0.031499002 -0.9920156
-1 
1 -15.52112 42.37018 -120.71071 -0.06450236 0.20224382 -0.97720873
-1 
-1 
-1 

p 6.0079746 -2.0629883 -4.07848 0.10764779 0.008754116 -0.9941506
-1 
1 -18.63268 44.13533 -122.03267 -0.05541881 0.23157996 -0.97123605
1 23.624468 12.026825 -136.42023 0.13924395 -0.062265992 -0.9882986
-1 
-1 

p 2.6727352 -1.6933594 -2.711071 0.090334974 -0.0039200475 -0.99590373
-1 
1 -23.688467 44.799057 -122.44928 -0.051609173 0.24494363 -0.9681628
-1 
-1 
-1 

p -0.27565002 -1.4728546 -2.2137108 0.06995489 -0.014231147 -0.9974486
1 -81.83239 16.607605 -20.641048 -0.8690548 -0.10418984 -0.4836199
1 -28.87774 44.924652 -122.13129 -0.05067221 0.24802004 -0.96742874
-1 
-1 
-1 

p -3.2414818 -1.4100342 -3.4882736 0.05215876 -0.022236327 -0.9983912
-1 
1 -34.03295 44.543625 -122.19136 -0.05257926 0.24698792 -0.96759105
-1 
-1 
-1 

p -6.2640324 -1.2365723 -5.034832 0.03184763 -0.028638773 -0.9990823
-1 
1 -39.360596 43.677338 -122.73825 -0.049080603 0.2305366 -0.97182506
-1 
-1 
-1 

p -10.022156 -1.0790405 -6.0704346 -0.0031976153 -0.033376794 -0.99943775
-1 
-1 
-1 
-1 
-1 

p -15.626668 -1.0095673 -6.159416 -0.05014566 -0.04976115 -0.9975015
-1 
-1 
-1 
-1 
-1 

p -20.650764 -1.0309143 -6.479431 -0.115541615 -0.071057335 -0.99075776
-1 
-1 
-1 
-1 
-1 

p -22.351526 -2.265625 6.5274696 -0.17954394 -0.10084243 -0.9785677
1 -86.54107 13.631149 -14.750866 -0.86330503 -0.11074031 -0.492383
-1 
-1 
-1 
-1 

p -12.1654415 -3.490593 31.229387 -0.22302547 -0.075053275 -0.97191906
1 -85.68181 7.1532135 -8.39312 -0.8456561 -0.12604314 -0.5186317
-1 
-1 
-1 
-1 

p -2.3900652 -4.4719696 48.148964 -0.26868778 -0.018094508 -0.96305734
1 -83.14704 0.20132446 -2.0933952 -0.81713605 -0.14245601 -0.5585651
-1 
-1 
-1 
-1 

p 3.873579 -5.2964935 55.68432 -0.3005293 -0.018005693 -0.9536026
1 -78.54291 -6.5921173 3.6383133 -0.7739135 -0.16049056 -0.61261785
-1 
-1 
-1 
-1 

p 7.7759743 -6.0316925 58.942078 -0.3155545 -0.033357255 -0.948321
1 -71.48647 -13.73674 7.432667 -0.7116186 -0.18068674 -0.6789339
-1 
-1 
-1 
-1 

p 11.633432 -3.3263855 55.810295 -0.29277584 0.15236323 -0.9439638
-1 
-1 
-1 
-1 
-1 

p 21.802393 -5.4312134 57.961998 -0.29741013 0.08652574 -0.950821
-1 
-1 
-1 
-1 
-1 

p 27.95807 -7.6106186 59.086777 -0.30887684 0.06849273 -0.9486326
-1 
-1 
-1 
-1 
-1 

p 30.444506 -9.187645 60.372097 -0.3203463 0.0678397 -0.94486827
-1 
-1 
-1 
-1 
-1 

p 29.128008 -9.789047 61.947327 -0.33612642 0.08411294 -0.9380533
-1 
-1 
-1 
-1 
-1 

p 26.591444 -9.6694565 62.54237 -0.34862947 0.09598104 -0.9323332
-1 
-1 
-1 
-1 
-1 

p 25.036589 -9.534462 63.20986 -0.36283666 0.103550345 -0.9260815
-1 
-1 
-1 
-1 
-1 

p 24.075258 -9.368889 63.3968 -0.373746 0.106723554 -0.92137074
-1 
-1 
-1 
-1 
-1 

p 23.453314 -9.19416 63.4048 -0.38124433 0.108943835 -0.91803265
-1 
-1 
-1 
-1 
-1 

p 23.006582 -9.038239 63.378445 -0.38807857 0.10950241 -0.91509795
-1 
-1 
-1 
-1 
-1 

p 22.35467 -8.7667465 63.118893 -0.39145306 0.108593784 -0.913768
-1 
-1 
-1 
-1 
-1 

p 21.760359 -8.6325 62.531708 -0.39642408 0.10669736 -0.9118463
-1 
-1 
-1 
-1 
-1 

p 21.061892 -8.499641 61.955296 -0.4001375 0.10404873 -0.91052943
-1 
-1 
-1 
-1 
-1 

p 20.498991 -8.437042 61.5287 -0.40298548 0.10172775 -0.9095351
-1 
-1 
-1 
-1 
-1 

p 19.858366 -8.4151 61.158123 -0.40495986 0.1014256 -0.9086916
-1 
-1 
-1 
-1 
-1 

p 19.43682 -8.462997 60.96567 -0.40517908 0.0997391 -0.9087805
-1 
-1 
-1 
-1 
-1 

p 19.128702 -8.545784 60.76511 -0.4042078 0.09809916 -0.90939134
-1 
-1 
-1 
-1 
-1 

p 18.802507 -8.5855255 60.3777 -0.40486798 0.09681112 -0.90923566
-1 
-1 
-1 
-1 
-1 

p 18.64118 -8.650551 60.28147 -0.40592453 0.0968235 -0.9087632
-1 
-1 
-1 
-1 
-1 

p 18.435228 -8.664642 60.05426 -0.40645188 0.09405323 -0.90881836
-1 
-1 
-1 
-1 
-1 

p 18.323286 -8.685867 59.995716 -0.40749016 0.09183417 -0.90858036
-1 
-1 
-1 
-1 
-1 

p 18.166903 -8.677437 59.78541 -0.40739584 0.0912378 -0.9086827
-1 
-1 
-1 
-1 
-1 

p 18.008703 -8.652298 59.644257 -0.40799245 0.08989575 -0.9085488
-1 
-1 
-1 
-1 
-1 

p 17.881933 -8.622444 59.523193 -0.4082255 0.0897455 -0.90845895
-1 
-1 
-1 
-1 
-1 

p 17.787764 -8.591316 59.452133 -0.40745765 0.08950662 -0.9088272
-1 
-1 
-1 
-1 
-1 

p 17.720407 -8.557953 59.407356 -0.40726608 0.08884827 -0.9089776
-1 
-1 
-1 
-1 
-1 

p 17.588118 -8.377235 59.185196 -0.40812403 0.089547366 -0.9085241
-1 
-1 
-1 
-1 
-1 

p 18.171621 -8.474922 60.77966 -0.4061593 0.09043644 -0.9093161
-1 
-1 
-1 
-1 
-1 

p 18.642992 -8.595558 62.060505 -0.40588614 0.08865682 -0.9096133
-1 
-1 
-1 
-1 
-1 

p 18.973616 -8.691536 62.949646 -0.40560007 0.08964149 -0.9096444
-1 
-1 
-1 
-1 
-1 

p 19.21155 -8.753983 63.49411 -0.40530473 0.08858673 -0.9098794
-1 
-1 
-1 
-1 
-1 

p 19.365309 -8.817482 63.80609 -0.40500766 0.08552615 -0.91030437
-1 
-1 
-1 
-1 
-1 

p 19.545732 -8.904327 64.16404 -0.403956 0.08415412 -0.91089934
-1 
-1 
-1 
-1 
-1 

p 19.64028 -8.954933 64.32076 -0.4023722 0.08137947 -0.91185194
-1 
-1 
-1 
-1 
-1 

p 19.712942 -9.004471 64.423965 -0.40148807 0.08244945 -0.9121455
-1 
-1 
-1 
-1 
-1 

p 19.781996 -9.055389 64.506645 -0.39978105 0.08114901 -0.9130115
-1 
-1 
-1 
-1 
-1 

p 19.87438 -9.12883 64.60862 -0.3989863 0.08103953 -0.91336876
-1 
-1 
-1 
-1 
-1 

p 19.942678 -9.202026 64.65688 -0.39773855 0.08145796 -0.91387564
-1 
-1 
-1 
-1 
-1 

p 20.047907 -9.382156 64.6791 -0.39680246 0.07993263 -0.9144171
1 24.729101 -7.068016 -3.5924873 0.18011035 -0.09482974 -0.97906464
-1 
-1 
-1 
-1 

p 20.191866 -9.782997 64.69922 -0.39663953 0.074902505 -0.9149135
1 24.802042 -7.4438553 -4.6850243 0.29586914 -0.11332922 -0.9484819
-1 
-1 
-1 
-1 

p 20.334036 -10.210831 64.72958 -0.39704427 0.07233289 -0.9149447
1 24.8784 -7.871414 -5.602379 0.3974746 -0.13578606 -0.90751094
-1 
-1 
-1 
-1 

p 20.437162 -10.614197 64.71384 -0.3959733 0.07014372 -0.9155791
1 24.977911 -8.632622 -6.8390274 0.5680203 -0.15851538 -0.807605
-1 
-1 
-1 
-1 

p 20.53364 -11.356018 64.58387 -0.39469525 0.068317436 -0.9162687
-1 
-1 
-1 
-1 
-1 

p 20.630548 -11.950172 64.491356 -0.39421818 0.06634703 -0.9166188
1 25.199686 -9.698288 -7.8659286 0.6983321 -0.17394827 -0.6943157
-1 
-1 
-1 
-1 

p 20.749994 -12.399788 64.511314 -0.39271325 0.0626693 -0.9175232
-1 
-1 
-1 
-1 
-1 

p 20.792131 -12.699532 64.402664 -0.3928412 0.061653223 -0.9175373
1 25.392462 -10.550583 -8.653881 0.76877624 -0.18386224 -0.61251754
-1 
-1 
-1 
-1 

p 20.824362 -12.920448 64.30889 -0.389332 0.061358556 -0.9190515
1 25.50247 -11.173096 -9.141518 0.74039185 -0.108840875 -0.66330504
-1 
-1 
-1 
-1 

p 20.907358 -13.115181 64.35147 -0.38784412 0.06126707 -0.9196865
-1 
-1 
-1 
-1 
-1 

p 20.969194 -13.255867 64.35561 -0.38810772 0.061690174 -0.919547
-1 
-1 
-1 
-1 
-1 

