p 0.0 0.0 0.0 -0.1226156 0.2427508 -0.9623084
1 -82.59925 123.59956 -6.4456205 -0.8283859 0.097450584 -0.551616
1 -33.616814 161.26094 -113.01067 -0.21005274 0.22181775 -0.9521947
1 12.101094 161.80461 -132.98454 0.0017418776 0.16828705 -0.9857365
1 40.44722 152.59718 -123.49857 0.050433904 0.103016526 -0.9934002
1 80.49451 132.38432 -90.09584 0.2855043 0.010704151 -0.95831764

p -0.66854095 0.46366882 -8.589669 -0.08812167 0.23415321 -0.9681977
1 -96.793335 0.57910156 -2.1135988 -0.8108378 0.15345396 -0.5647955
1 -46.27647 35.564705 -110.65355 -0.20737496 0.22917405 -0.95103884
1 0.11845207 35.841408 -130.34879 0.010338137 0.1705619 -0.98529273
1 28.575535 26.144295 -120.535324 0.06174558 0.10135875 -0.99293196
1 68.56279 6.558983 -86.027916 0.29959163 -1.5355209E-4 -0.9540675

p -1.2745857 0.8765106 -12.303666 -0.06269515 0.22840235 -0.97154605
1 -97.99412 0.98887634 -4.74296 -0.79517716 0.17948447 -0.57920516
1 -46.217194 33.86979 -114.501465 -0.20434144 0.23147145 -0.9511391
1 0.6021557 34.035927 -133.68759 0.01756346 0.1686252 -0.98552376
1 29.061436 24.171425 -123.894455 0.07028187 0.09815508 -0.9926863
1 68.946846 5.2120743 -88.65241 0.30964652 -0.0063590207 -0.95083046

p -2.3452177 1.4097137 -16.688423 -0.041164313 0.22496308 -0.9734974
1 -99.113495 1.3996048 -7.109267 -0.8436581 0.16027255 -0.5124
1 -46.228912 32.179558 -117.64869 -0.20066737 0.22644894 -0.9531283
1 0.74501324 32.636696 -137.50699 0.023341343 0.16384317 -0.9862102
1 29.036472 22.800377 -126.95773 0.07630113 0.09404864 -0.9926394
1 68.911606 4.4931107 -91.11983 0.31661496 -0.012909429 -0.9484663

p -2.918889 1.8097916 -18.376472 -0.030093132 0.21407233 -0.9763542
1 -99.9823 1.8129196 -9.075311 -0.828458 0.17163089 -0.53310424
1 -46.49053 31.221962 -120.57605 -0.19779013 0.22306891 -0.9545257
1 0.56535816 31.144905 -139.43312 0.027173772 0.1567385 -0.98726624
1 28.77029 21.682808 -128.95953 0.08151122 0.09077579 -0.9925299
1 68.70491 4.0114746 -93.09822 0.32134837 -0.019173963 -0.9467669

p -3.2028828 2.1143951 -18.966251 -0.019510131 0.21299094 -0.9768594
1 -100.86271 2.2423782 -10.717326 -0.81622654 0.17658982 -0.550082
1 -46.724747 30.171242 -122.36337 -0.19491923 0.2170998 -0.9564906
1 0.23322392 29.866554 -140.97736 0.030137744 0.14747615 -0.98860633
1 28.37595 20.602272 -130.76973 0.08478678 0.083757736 -0.99287254
1 68.49244 3.7332153 -94.74841 0.3255826 -0.024185548 -0.9452042

p -3.3098412 2.350731 -18.76389 -0.016114185 0.20462437 -0.9787079
1 -101.71061 2.6480408 -12.129697 -0.806538 0.17596798 -0.5643861
1 -47.012493 29.095024 -123.47592 -0.1930685 0.20983373 -0.9584854
1 -0.15070248 28.657661 -142.11508 0.032290485 0.13861838 -0.9898193
1 27.857536 19.41584 -131.79951 0.08775593 0.07680954 -0.99317634
1 68.16982 3.4131393 -95.824585 0.32847908 -0.03068774 -0.9440126

p -3.43828 2.5399323 -18.5341 -0.012264897 0.19747284 -0.98023164
1 -102.34392 2.9779663 -13.323323 -0.83589345 0.16171551 -0.52452856
1 -47.40255 28.263634 -124.34268 -0.19179942 0.20430647 -0.9599333
1 -0.5885744 27.355812 -142.75893 0.033776585 0.12801291 -0.99119717
1 27.330948 18.089516 -132.51234 0.090123564 0.06800446 -0.99360615
1 67.94657 3.1365051 -96.751015 0.3310815 -0.036118865 -0.9429106

p -3.6879072 2.7273712 -19.127773 -0.0017731222 0.1968521 -0.9804316
1 -103.06102 3.2604523 -14.206742 -0.82504267 0.18582971 -0.53364027
1 -48.138958 26.40229 -125.0753 -0.19136363 0.19573843 -0.96180373
1 -0.9677124 25.44709 -144.3909 0.035536304 0.11195066 -0.9930782
1 26.68319 15.7589035 -133.22461 0.0914897 0.052615196 -0.99441504
1 67.71192 2.5863724 -97.51925 0.334138 -0.040958736 -0.94163376

p -4.66076 1.9407043 -22.00167 0.0070805885 0.18592384 -0.98253864
1 -103.83662 3.2752686 -14.95683 -0.81378186 0.2083264 -0.54254884
1 -49.43022 20.546837 -125.59912 -0.193203 0.17525028 -0.9653807
1 -2.2037773 21.137154 -145.20937 0.03445796 0.089885406 -0.99535584
1 25.685776 10.978645 -134.49756 0.091959186 0.031244364 -0.99527246
1 67.25982 0.8308792 -98.41361 0.33658525 -0.048420034 -0.9404073

p -6.555247 0.24069977 -25.990086 0.011807281 0.17418417 -0.9846423
1 -104.641685 2.7753067 -15.705657 -0.80217355 0.2315022 -0.55038565
1 -50.859142 14.707039 -126.86374 -0.19457088 0.14983812 -0.96937644
1 -3.3598738 15.928886 -145.49892 0.03451179 0.060182497 -0.9975906
1 24.060585 5.3334427 -135.33678 0.091139615 9.038238E-4 -0.9958377
1 66.25534 -1.5351791 -99.25232 0.33833832 -0.057754584 -0.9392505

p -7.693711 -1.1609726 -27.443653 0.016980823 0.16541724 -0.9860775
1 -105.416664 2.3873062 -16.41779 -0.83813953 0.21750246 -0.50021476
1 -51.80539 10.727303 -127.55556 -0.19512787 0.12315926 -0.97301435
1 -4.2233143 11.53846 -145.78708 0.034793425 0.029013457 -0.9989733
1 22.743351 0.9376602 -136.11928 0.08984271 -0.033657227 -0.9953871
1 65.36748 -3.7175903 -100.09283 0.33984175 -0.066368856 -0.9381379

p -8.311729 -2.1367645 -28.213688 0.021798896 0.161496 -0.9866326
1 -106.04465 1.9856415 -17.055405 -0.86939996 0.20379467 -0.45012376
1 -52.47626 8.3601 -128.16272 -0.19493121 0.09994653 -0.9757113
1 -5.182346 6.3764877 -146.13966 0.035231847 -0.0131351845 -0.99929285
1 21.669502 -2.2428741 -136.39265 0.087860465 -0.067974254 -0.9938109
1 64.586815 -5.5322266 -100.80832 0.34082484 -0.07483862 -0.9371433

p -8.726137 -2.7531586 -28.537056 0.024141828 0.16135272 -0.9866015
1 -106.60936 1.6263504 -17.799522 -0.8533885 0.2158899 -0.47446775
1 -52.968628 6.986641 -128.65428 -0.19421989 0.07881273 -0.9777869
1 -6.211564 1.7338562 -146.09608 0.03504934 -0.06492606 -0.99727434
1 20.184158 -5.30027 -136.41315 0.08328698 -0.108677395 -0.9905819
1 63.52809 -7.1891785 -101.535736 0.340233 -0.085576616 -0.9364391

p -8.876572 -3.0530014 -28.936039 0.01970991 0.16838567 -0.9855241
1 -106.55315 0.80075836 -19.286835 -0.8509434 0.19653124 -0.48710456
1 -52.470596 6.477211 -128.45923 -0.18937358 0.045549124 -0.9808481
1 -7.516751 -2.7897644 -145.00137 0.032836255 -0.14238882 -0.989266
1 17.543194 -8.972115 -135.5274 0.071731895 -0.17231505 -0.98242664
1 61.36119 -8.72464 -102.39786 0.3331177 -0.10358136 -0.9371785

p -8.880536 -3.1828995 -29.344715 0.014993991 0.17621228 -0.98423797
1 -106.11427 -0.1974945 -21.02629 -0.8497825 0.17180273 -0.49835077
1 -51.574467 6.4727097 -128.40051 -0.18272573 0.01095427 -0.9831029
1 -8.227885 -5.8455048 -144.51901 0.030680852 -0.20593236 -0.97808516
1 15.483918 -11.292084 -134.65503 0.059886422 -0.22931775 -0.9715076
1 59.170692 -9.803902 -103.173515 0.3238089 -0.12287984 -0.9381089

p -8.750919 -3.1977844 -29.748894 0.008263634 0.18759175 -0.9822123
1 -105.42264 -1.2962723 -22.917011 -0.8495491 0.14281061 -0.5078104
1 -50.217274 6.38929 -128.30069 -0.17531593 -0.02057861 -0.98429716
1 -8.631887 -7.421051 -143.60706 0.029372614 -0.25978634 -0.9652193
1 13.990483 -12.5045395 -133.99675 0.047621466 -0.28273407 -0.95801544
1 56.922386 -10.62294 -103.883224 0.31410173 -0.14216585 -0.9386847

p -8.550095 -3.0547867 -30.1622 0.0026323488 0.19951609 -0.979891
1 -104.6661 -2.2186966 -24.855095 -0.84953403 0.11264164 -0.5153676
1 -48.688995 6.4421005 -128.12598 -0.16495775 -0.062536396 -0.98431605
1 -8.725164 -8.367676 -143.00876 0.02862898 -0.30324456 -0.9524826
1 13.07768 -12.70993 -133.59576 0.036910586 -0.3239836 -0.94534236
1 54.75924 -11.034828 -104.56479 0.30058372 -0.16386563 -0.93957305

p -7.839126 -2.4829865 -31.108948 0.005886225 0.21029179 -0.97762096
1 -103.72121 -1.6401978 -26.942478 -0.84610826 0.09766396 -0.5239872
1 -46.319817 7.6867447 -129.08783 -0.15694372 -0.085386395 -0.9839095
1 -7.7909026 -7.584038 -143.71309 0.027152982 -0.3177049 -0.94780076
1 14.507342 -10.591019 -134.60602 0.03067308 -0.33709598 -0.9409705
1 54.4758 -11.263794 -105.328224 0.28829286 -0.18254927 -0.9399803

p -5.238507 -2.2612457 -32.691536 0.022145422 0.20179424 -0.97917753
1 -102.47499 -0.45074463 -29.178307 -0.83933765 0.09417221 -0.53539133
1 -38.940784 8.440971 -132.90308 -0.1384211 -0.08139492 -0.98702306
1 -2.483468 -5.902672 -146.18881 0.03370135 -0.30994573 -0.95015675
1 21.923088 -10.1827545 -137.39502 0.039290667 -0.33148557 -0.9426418
1 59.49843 -12.308044 -106.367584 0.2917037 -0.18981752 -0.9374851

p -2.2673836 -1.9718628 -34.693806 0.044031356 0.19053175 -0.98069304
1 -101.159645 0.9554062 -31.676205 -0.833878 0.10302031 -0.5422493
1 -32.31768 10.572029 -136.51604 -0.118500404 -0.061038684 -0.9910762
1 3.1553574 -4.2213135 -148.92265 0.042144164 -0.29758838 -0.9537636
1 28.430908 -10.641533 -139.79778 0.0500546 -0.32805791 -0.9433306
1 63.675873 -13.712601 -107.43499 0.29504493 -0.19966505 -0.93438876

p 0.1770544 -1.4896393 -37.956024 0.069828145 0.17680277 -0.98176616
1 -99.786804 2.6443863 -34.860283 -0.82184154 0.07958587 -0.56412995
1 -27.028809 15.397255 -140.7152 -0.09685819 -0.013113529 -0.9952118
1 8.773156 -2.1128922 -152.96092 0.052685536 -0.27802533 -0.9591278
1 33.087486 -10.880539 -142.99475 0.061180677 -0.31890395 -0.9458103
1 66.039116 -15.638992 -109.596085 0.29621637 -0.21097133 -0.93152934

p 1.31637 -1.0747681 -40.858723 0.08708816 0.16714177 -0.9820791
1 -98.741455 4.28907 -37.848602 -0.81650764 0.091908604 -0.569972
1 -24.87851 18.647362 -144.04489 -0.080502704 0.025024151 -0.99644023
1 11.706901 -0.2769928 -156.08858 0.061968915 -0.25849175 -0.96402377
1 35.153976 -11.10894 -145.70834 0.06983781 -0.31127912 -0.9477489
1 66.5794 -17.484253 -111.79799 0.29434204 -0.2240816 -0.9290588

p 1.1742039 -0.79647064 -43.429012 0.09851419 0.1593817 -0.9822894
1 -98.199615 5.7377243 -40.500103 -0.81173885 0.10232537 -0.5749866
1 -24.8366 20.697777 -146.03343 -0.06929091 0.05335682 -0.99616855
1 11.997901 0.7530899 -158.50937 0.07017662 -0.25181943 -0.96522653
1 34.7795 -11.770927 -148.13873 0.07450115 -0.30679506 -0.9488553
1 65.46076 -19.388893 -114.40921 0.29157647 -0.236217 -0.92692214

p -0.2819109 -0.6646118 -45.359577 0.100512825 0.14630067 -0.98412055
1 -98.1307 7.0663834 -42.793022 -0.8074897 0.11156262 -0.57923585
1 -26.699135 22.067223 -147.7433 -0.06474669 0.07369207 -0.99517703
1 9.46243 1.0511703 -161.0031 0.0744594 -0.24136893 -0.9675726
1 31.748844 -12.565712 -150.28976 0.07389461 -0.30563167 -0.94927806
1 62.27127 -21.474342 -117.0977 0.28326297 -0.24914609 -0.9261146

p -2.7204409 -0.5607071 -46.818226 0.091613546 0.13655478 -0.9863872
1 -98.581505 8.332481 -44.531456 -0.80326205 0.11947391 -0.5835204
1 -30.382404 22.963554 -148.4586 -0.06605332 0.08623297 -0.9940829
1 4.1425753 0.79543304 -162.32092 0.07184681 -0.23923527 -0.9682998
1 25.94278 -13.38459 -152.16504 0.06668837 -0.3072536 -0.9492881
1 56.80332 -23.610275 -119.77829 0.26971278 -0.2625166 -0.92646646

p -5.265296 -0.42710114 -47.76466 0.078004345 0.12803626 -0.9886971
1 -99.28909 9.560509 -45.87715 -0.7930575 0.11184534 -0.59879076
1 -34.388096 23.687508 -149.24097 -0.07096486 0.09473119 -0.9929703
1 -1.6327372 0.73361206 -163.71432 0.06627483 -0.23453626 -0.96984553
1 19.890034 -13.806229 -153.72511 0.057462215 -0.30434132 -0.9508283
1 51.174202 -25.266472 -122.12009 0.25427312 -0.27426878 -0.92742753

p -7.794344 -0.23685455 -48.37717 0.0647214 0.121027246 -0.990537
1 -100.26081 10.693993 -46.842403 -0.78905743 0.12618805 -0.6012196
1 -38.714336 24.058952 -149.01419 -0.0782147 0.09821364 -0.99208695
1 -7.4415975 0.6067505 -164.58237 0.057754237 -0.23427598 -0.9704531
1 12.7452345 -14.048523 -154.82097 0.044597518 -0.3034525 -0.9518023
1 45.279053 -26.635689 -124.04454 0.23644388 -0.28473726 -0.92898816

p -9.68021 -0.004081726 -48.062252 0.045011852 0.10572542 -0.9933761
1 -101.308556 11.705269 -47.414894 -0.7808103 0.13053402 -0.6109797
1 -43.432644 24.31443 -148.52133 -0.08778784 0.097786054 -0.991328
1 -13.512131 0.643898 -164.48651 0.046186946 -0.2342279 -0.97108394
1 5.573638 -14.134117 -155.22841 0.028116645 -0.30188158 -0.95293075
1 38.689964 -27.705322 -125.83392 0.21495287 -0.29460838 -0.931129

p -12.574181 0.47519684 -46.97302 0.017271072 0.09143472 -0.9956613
1 -102.66787 12.613869 -47.260822 -0.7734872 0.13814542 -0.61857367
1 -50.04508 24.52903 -146.93262 -0.105422206 0.09517618 -0.98986244
1 -22.881428 0.6630249 -163.39502 0.025165223 -0.23742445 -0.97108
1 -3.220501 -14.5245285 -155.41098 0.003923006 -0.3025034 -0.95314026
1 29.663612 -28.808685 -126.93599 0.18393628 -0.30804378 -0.9334219

p -15.547989 0.9474716 -45.9614 -0.013464169 0.08211783 -0.99653167
1 -104.08369 13.3665085 -46.800983 -0.7661695 0.14292565 -0.62654334
1 -59.954075 24.590492 -144.6077 -0.13001075 0.09226351 -0.9872105
1 -32.83826 0.41786957 -161.59453 -0.0023334955 -0.2395284 -0.9708865
1 -11.09186 -14.699646 -154.66487 -0.023005828 -0.3039092 -0.9524232
1 21.851631 -29.781204 -127.92807 0.14889151 -0.3208436 -0.9353559

p -19.096565 1.5409851 -44.094837 -0.054372914 0.07689106 -0.9955558
1 -105.787544 14.010414 -45.664852 -0.7603883 0.15854311 -0.62982035
1 -72.042 23.4972 -140.22083 -0.16717625 0.08062907 -0.9826246
1 -47.630714 -1.6121368 -157.00677 -0.05102435 -0.25086907 -0.96667534
1 -20.187483 -14.778908 -152.98015 -0.058124173 -0.3060785 -0.95023024
1 13.074399 -30.042023 -127.580765 0.10375043 -0.33408323 -0.93681604

p -23.322134 2.4722977 -37.650383 -0.14608155 0.02637993 -0.98892075
1 -107.15057 14.924507 -41.79983 -0.7585214 0.18564723 -0.6246442
1 -82.954254 12.008202 -118.9206 -0.22279803 -0.024272943 -0.9745624
1 -67.83872 -12.484146 -130.21945 -0.12698646 -0.32942528 -0.93560326
1 -35.090805 -17.284737 -142.56137 -0.12715238 -0.3367015 -0.9329868
1 -1.552762 -29.969131 -121.3309 0.0029370007 -0.36726615 -0.9301113

p -17.507763 3.325142 -23.669205 -0.24356577 -0.062193148 -0.9678883
1 -105.649506 15.2714615 -38.442314 -0.7632368 0.17418832 -0.6221961
1 -73.613205 -7.5663834 -81.42962 -0.31047145 -0.094826825 -0.9458411
1 -60.150616 -21.77282 -97.278824 -0.20325312 -0.3695496 -0.906709
-1 
-1 

p -10.495899 4.033249 -11.339856 -0.31214774 -0.073234536 -0.9472067
1 -103.339134 15.575569 -35.98699 -0.7663777 0.16048212 -0.6220215
1 -64.358665 -18.03083 -59.795353 -0.33889553 -0.30140382 -0.8912382
1 -51.86853 -26.784851 -77.1845 -0.31616715 -0.45004618 -0.8351627
-1 
-1 

p 0.22295952 4.660927 1.4026213 -0.31332174 -0.029837651 -0.94917816
1 -98.80728 16.00547 -35.882088 -0.75988746 0.15607944 -0.631039
-1 
-1 
-1 
-1 

p 8.625394 5.2437057 7.239838 -0.3101894 0.008970842 -0.95063245
-1 
1 -61.529594 -5.3010254 -51.291496 -0.38258186 -0.22668618 -0.895681
-1 
-1 
-1 

p 13.670508 5.6415024 10.345161 -0.30601695 0.04070825 -0.9511553
-1 
1 -58.754246 1.9015656 -47.938293 -0.4092968 -0.17813739 -0.89484257
-1 
-1 
-1 

p 17.903992 5.988472 12.331001 -0.29716703 0.06285411 -0.9527545
-1 
1 -56.001965 6.4000473 -46.266117 -0.42490718 -0.14726129 -0.8931786
-1 
-1 
-1 

p 20.538963 6.3309555 13.076939 -0.291064 0.08523575 -0.95289904
-1 
1 -53.109875 9.841881 -45.29718 -0.4281584 -0.11914479 -0.8958152
-1 
-1 
-1 

p 22.901814 6.7164993 13.583313 -0.28329477 0.10521043 -0.9532444
-1 
1 -50.471745 12.681313 -45.551437 -0.42105892 -0.09409813 -0.90213907
-1 
-1 
-1 

p 25.01458 6.9276657 14.101536 -0.27635664 0.12259494 -0.9532038
-1 
1 -47.537506 15.141792 -45.5477 -0.41143137 -0.078121796 -0.90808654
-1 
-1 
-1 

p 26.37693 7.206764 14.215078 -0.26814058 0.13588361 -0.9537485
1 -90.26174 16.991692 -37.290024 -0.74407107 0.14888723 -0.6512993
1 -26.675518 13.46328 -47.30743 -0.4093234 -0.17681311 -0.895093
-1 
-1 
-1 

p 27.315174 7.5682907 14.464813 -0.26027244 0.14872146 -0.9540127
1 -80.21196 18.376808 -39.124393 -0.7232166 0.13561319 -0.67717564
1 -4.720279 12.743629 -48.916164 -0.40798414 -0.25875 -0.87555546
-1 
-1 
-1 

p 27.589813 8.152321 15.014271 -0.25359863 0.15849367 -0.9542366
1 -66.854645 20.601097 -41.121784 -0.68772614 0.12049875 -0.7159
1 11.955291 12.515907 -50.199627 -0.37367547 -0.28808197 -0.88168895
-1 
-1 
-1 

p 26.984097 8.885445 15.882924 -0.24306354 0.17037746 -0.9549302
1 -49.37297 23.3348 -43.34438 -0.6070105 0.10051621 -0.7883113
-1 
-1 
-1 
-1 

p 24.600376 9.756248 17.84624 -0.23552668 0.1844091 -0.95421195
1 -39.602642 25.764275 -44.61871 -0.45509458 0.11524469 -0.8829539
-1 
-1 
-1 
-1 

p 22.511936 10.135368 21.758595 -0.22935836 0.1931285 -0.95398957
1 -38.0959 27.502724 -44.733307 -0.3007942 0.10821321 -0.9475298
-1 
-1 
-1 
-1 

p 20.382092 10.5299 24.758224 -0.22446002 0.20083238 -0.95356387
1 -38.05164 28.680687 -44.289608 -0.18618454 0.06986868 -0.9800274
-1 
-1 
-1 
-1 

p 18.913914 10.876411 26.431656 -0.22040665 0.205444 -0.953527
1 -38.260063 29.598457 -43.98068 -0.11639365 0.064473875 -0.9911083
-1 
-1 
-1 
-1 

p 17.102745 11.300606 27.851006 -0.21467964 0.21063684 -0.95370054
1 -39.073223 30.362968 -43.380943 -0.072531775 0.037213575 -0.9966716
-1 
-1 
-1 
-1 

p 15.845208 11.622673 28.709507 -0.21217032 0.21481316 -0.9533305
1 -39.787308 30.858803 -42.76154 -0.03806302 0.021691125 -0.9990399
-1 
-1 
-1 
-1 

p 14.959195 11.873024 29.284813 -0.21180856 0.21595865 -0.9531521
1 -40.417492 31.102959 -42.215122 -0.02039474 0.026992068 -0.99942756
-1 
-1 
-1 
-1 

p 14.310609 11.979164 29.95082 -0.21139807 0.21786992 -0.95280826
1 -41.021046 31.281319 -41.774864 -0.009063582 0.03151974 -0.999462
-1 
-1 
-1 
-1 

p 13.808764 12.008369 30.627342 -0.2095368 0.21867988 -0.9530338
1 -41.592052 31.371498 -41.509365 -0.0032701043 0.029200835 -0.9995682
-1 
-1 
-1 
-1 

p 13.314071 12.086464 31.006256 -0.21011548 0.22115506 -0.952335
1 -42.12279 31.364525 -41.177895 9.673314E-4 0.010094218 -0.99994856
-1 
-1 
-1 
-1 

p 12.856107 12.157036 31.273731 -0.20986716 0.22231738 -0.9521191
1 -42.621952 31.27047 -40.78772 0.0066014007 0.0072347145 -0.999952
-1 
-1 
-1 
-1 

p 12.465478 12.135933 31.664879 -0.20873046 0.22261924 -0.9522984
1 -43.164635 31.126991 -40.46139 0.008649244 0.008398027 -0.99992734
-1 
-1 
-1 
-1 

p 11.978892 12.069801 31.808086 -0.21017893 0.22114225 -0.952324
1 -43.650146 30.65017 -40.271885 0.009551959 -0.0019778055 -0.99995244
-1 
-1 
-1 
-1 

p 11.671668 11.880699 31.803623 -0.20957199 0.21974391 -0.9527813
1 -43.71669 29.92176 -40.023914 0.011752664 -0.0016006288 -0.99992967
-1 
-1 
-1 
-1 

p 11.665851 11.436531 32.188484 -0.20724377 0.21810922 -0.95366573
1 -43.571564 29.106743 -39.806595 0.015037107 -0.0048713516 -0.99987507
-1 
-1 
-1 
-1 

p 11.704591 11.081917 32.2733 -0.20727974 0.21505995 -0.95435023
1 -43.343464 28.358192 -39.69022 0.015727164 -4.0292213E-4 -0.99987626
-1 
-1 
-1 
-1 

p 11.812482 10.706413 32.238186 -0.20778345 0.2133655 -0.95462096
1 -43.029068 27.684654 -39.76286 0.01695483 -0.0086732125 -0.9998186
-1 
-1 
-1 
-1 

p 12.077144 10.197258 32.42999 -0.20766376 0.21268497 -0.9547989
1 -42.635906 26.999123 -39.865955 0.017632287 -0.010694235 -0.99978733
-1 
-1 
-1 
-1 

p 12.3340845 9.68969 32.52584 -0.20846425 0.2112197 -0.9549497
1 -42.19137 26.283989 -39.979218 0.018885473 -0.014405967 -0.9997179
-1 
-1 
-1 
-1 

p 12.556621 9.238945 32.629128 -0.20838994 0.20858029 -0.95554584
1 -41.805813 25.600761 -39.8983 0.021238746 -0.015364825 -0.9996564
-1 
-1 
-1 
-1 

p 12.755715 8.791206 32.61379 -0.20888382 0.20606531 -0.9559836
1 -41.401142 24.78263 -39.82912 0.022231573 -0.0032774264 -0.99974746
-1 
-1 
-1 
-1 

p 12.922614 8.38813 32.584976 -0.20982698 0.20343682 -0.95633996
1 -41.051548 24.032127 -39.78009 0.024124255 -0.0036356167 -0.99970233
-1 
-1 
-1 
-1 

p 13.094796 7.991844 32.624268 -0.20950887 0.20185204 -0.9567454
1 -40.744995 23.357048 -39.777073 0.025515543 -0.002978503 -0.99966997
-1 
-1 
-1 
-1 

p 13.221366 7.6681137 32.521854 -0.20835939 0.19940472 -0.95750934
1 -40.474537 22.744728 -39.77713 0.027069578 -0.0041750907 -0.99962485
-1 
-1 
-1 
-1 

p 13.386199 7.278084 32.5043 -0.20850845 0.19724657 -0.9579238
1 -40.19575 22.096718 -39.838608 0.029415281 -0.002537256 -0.99956405
-1 
-1 
-1 
-1 

p 13.522229 6.929222 32.441105 -0.2087711 0.19633824 -0.9580532
1 -39.958584 21.50521 -39.873817 0.031087168 -0.0020841425 -0.9995145
-1 
-1 
-1 
-1 

p 13.63729 6.6157455 32.35272 -0.20855147 0.1952732 -0.95831865
1 -39.72597 20.877342 -39.863865 0.032542095 -0.0010519114 -0.9994698
-1 
-1 
-1 
-1 

p 13.724101 6.3456345 32.208546 -0.20837212 0.19431663 -0.95855206
1 -39.529034 20.32914 -39.837177 0.03448819 -0.0013017696 -0.99940425
-1 
-1 
-1 
-1 

p 13.659438 6.1795273 31.47433 -0.20858832 0.19091274 -0.9591888
1 -39.181725 19.73156 -40.0751 0.036174227 -0.0028195675 -0.99934155
-1 
-1 
-1 
-1 

p 13.942334 5.767418 31.463314 -0.2080445 0.1839762 -0.96066135
1 -38.40197 19.13021 -39.81379 0.037741672 0.013854768 -0.99919146
-1 
-1 
-1 
-1 

p 14.37773 5.33181 31.644478 -0.20274778 0.17874227 -0.9627796
1 -37.533478 18.614647 -39.598774 0.03889977 0.033439573 -0.99868345
-1 
-1 
-1 
-1 

p 14.639979 5.0742874 31.463272 -0.1989733 0.17269474 -0.9646689
1 -36.583267 18.294807 -40.035664 0.04004676 0.028763052 -0.9987837
-1 
-1 
-1 
-1 

p 14.869454 4.933174 30.94101 -0.19373183 0.16777314 -0.9666024
1 -35.749317 17.995995 -40.415356 0.042652052 0.020760205 -0.99887425
-1 
-1 
-1 
-1 

p 15.066098 4.8179398 30.547035 -0.19105726 0.16059689 -0.9683521
1 -35.0734 17.71856 -40.740982 0.044322517 0.01578425 -0.99889255
-1 
-1 
-1 
-1 

p 15.219466 4.7511063 30.139065 -0.18918991 0.15704449 -0.96930087
1 -34.530006 17.512306 -41.006477 0.04647361 0.011352612 -0.998855
-1 
-1 
-1 
-1 

p 15.278018 4.781105 29.325642 -0.18735056 0.15357202 -0.9702141
1 -34.083515 17.331566 -41.22241 0.04859871 0.011138623 -0.9987563
-1 
-1 
-1 
-1 

p 15.272326 4.875496 28.299026 -0.18440099 0.15051678 -0.97125745
1 -33.70762 17.151543 -41.430855 0.051751055 0.005011884 -0.99864745
-1 
-1 
-1 
-1 

p 15.30989 4.9488297 27.484604 -0.18368916 0.14945096 -0.97155684
1 -33.33774 16.955025 -41.64108 0.05307529 1.503535E-4 -0.9985905
-1 
-1 
-1 
-1 

p 15.341729 5.0251236 26.730518 -0.18411198 0.14653617 -0.9719207
1 -33.02489 16.768974 -41.796143 0.054617442 -6.724703E-4 -0.99850714
-1 
-1 
-1 
-1 

p 15.341872 5.123375 25.901531 -0.18428299 0.14349131 -0.97234255
1 -32.763966 16.640968 -41.963528 0.055710793 -0.0039375504 -0.9984392
-1 
-1 
-1 
-1 

p 15.341453 5.2139816 25.189701 -0.18229404 0.14173646 -0.97297466
1 -32.55159 16.552223 -42.12442 0.057097714 -0.010181048 -0.9983167
-1 
-1 
-1 
-1 

p 15.325032 5.378029 24.17567 -0.18443517 0.14032747 -0.97277534
1 -32.287975 16.439552 -42.361595 0.0581736 -0.011108355 -0.9982447
-1 
-1 
-1 
-1 

p 15.36781 5.3136063 22.909134 -0.18207121 0.13887273 -0.9734292
1 -31.907978 15.830635 -42.68459 0.05913739 -0.009540452 -0.9982043
-1 
-1 
-1 
-1 

p 15.712251 4.1728363 21.573492 -0.18302986 0.1358438 -0.9736768
1 -31.18663 13.968773 -43.306175 0.062051244 -0.015450624 -0.99795336
-1 
-1 
-1 
-1 

p 16.049534 3.0207138 20.621243 -0.18248364 0.13203132 -0.97430354
1 -30.57771 12.248329 -43.746395 0.06453578 -0.019536797 -0.9977241
-1 
-1 
-1 
-1 

p 16.353085 1.9066849 19.96257 -0.18163379 0.12717712 -0.9751078
1 -30.063072 10.69175 -44.116154 0.06657103 -0.024748206 -0.99747473
-1 
-1 
-1 
-1 

p 16.638607 0.5557709 19.58607 -0.18024482 0.123183586 -0.9758779
1 -29.63256 9.042 -44.332344 0.06665014 -0.0290613 -0.9973531
-1 
-1 
-1 
-1 

p 16.832317 -0.500824 19.304775 -0.17986849 0.119192265 -0.9764428
1 -29.318008 7.725548 -44.4513 0.068321705 -0.036443356 -0.99699754
-1 
-1 
-1 
-1 

p 16.97755 -1.3180542 19.148619 -0.18003973 0.1195162 -0.97637165
1 -29.090637 6.633522 -44.50229 0.068369985 -0.043650176 -0.9967047
-1 
-1 
-1 
-1 

