p 0.0 0.0 0.0 -0.38217312 0.10554959 -0.918043
1 -98.26041 130.67877 -12.224376 -0.81548476 0.016604634 -0.5785403
1 -42.74217 164.31387 -111.15941 -0.10174985 0.058928873 -0.9930631
1 -2.182663 166.57855 -128.30794 0.06789265 -0.0048212754 -0.99768096
1 22.262493 157.8245 -119.03896 0.058811124 -0.063171655 -0.99626833
1 62.604084 142.62466 -84.76604 0.31792524 -0.090460494 -0.9437905

p -1.1857805 0.7903595 -9.553707 -0.34263673 0.09560912 -0.9345903
1 -104.73056 1.0882416 -66.504974 -0.8138324 0.014970322 -0.5809068
1 -47.486637 32.716537 -166.58305 -0.09666127 0.052737076 -0.9939192
1 -7.117663 34.324326 -183.74849 0.07184177 -0.017825233 -0.99725676
1 17.14058 26.043991 -174.26033 0.0619595 -0.06979183 -0.9956355
1 57.38835 11.587494 -139.30093 0.32272336 -0.09485428 -0.94172835

p -1.8990464 1.3918152 -14.672569 -0.29973918 0.090649955 -0.9497047
1 -105.30195 1.5108795 -67.730515 -0.81224173 0.013795106 -0.58315784
1 -46.838898 31.377869 -168.64465 -0.09223914 0.04645157 -0.9946528
1 -6.615745 32.65056 -185.69589 0.07481609 -0.027988901 -0.9968045
1 17.46373 24.473282 -176.11745 0.06463493 -0.07643299 -0.99497753
1 57.71614 10.667221 -140.83665 0.32724053 -0.09891425 -0.9397498

p -2.4956455 1.816742 -18.328007 -0.26089686 0.08817889 -0.961331
1 -105.877014 1.8156586 -68.8449 -0.8104238 0.01208413 -0.58571947
1 -46.45932 29.963425 -170.52669 -0.08849443 0.040717553 -0.9952441
1 -6.3897057 31.107254 -187.20415 0.07741444 -0.038246494 -0.9962651
1 17.568045 22.704468 -177.73181 0.066674665 -0.083102785 -0.994308
1 57.95157 9.599121 -142.28473 0.3306813 -0.10216409 -0.93819636

p -3.0887918 2.040039 -21.416517 -0.22778788 0.08658467 -0.96985346
1 -106.44749 1.9305725 -69.82244 -0.8100403 0.017694699 -0.5861072
1 -46.30135 28.49414 -172.2202 -0.08547118 0.036131006 -0.9956853
1 -6.3216267 29.636063 -188.32034 0.07941695 -0.046732303 -0.9957455
1 17.528221 20.975403 -179.08806 0.06873592 -0.0886297 -0.9936902
1 58.06205 8.426666 -143.56377 0.3340369 -0.1052563 -0.9366645

p -5.765414 1.6794891 -32.96215 -0.19173492 0.07905675 -0.9782575
1 -107.02802 1.3873138 -71.14114 -0.80775374 0.018201886 -0.58923894
1 -46.904476 24.4608 -174.77211 -0.08372603 0.029535506 -0.996051
1 -6.573538 27.066376 -190.0209 0.08135915 -0.05391405 -0.9952256
1 16.924057 17.176956 -181.63118 0.07144561 -0.09485819 -0.9929237
1 57.864334 6.068573 -145.52509 0.3376872 -0.10879123 -0.9349502

p -9.011551 0.575058 -50.421825 -0.15058811 0.08655256 -0.9848004
1 -107.932304 0.72595215 -72.60785 -0.80486757 0.024239896 -0.59295917
1 -47.47102 19.492798 -177.87718 -0.08258962 0.020110661 -0.9963807
1 -6.7251563 23.601715 -191.81955 0.083469875 -0.064458095 -0.9944234
1 16.672588 12.229385 -184.35794 0.07404758 -0.104507305 -0.99176365
1 57.779964 2.8434448 -147.79588 0.3413525 -0.11219102 -0.93321574

p -10.448605 -0.37095642 -58.529827 -0.11806517 0.095398284 -0.98841274
1 -108.71453 0.20605469 -74.03294 -0.8021219 0.027832955 -0.5965114
1 -47.726723 15.271454 -180.43872 -0.08152633 0.010983965 -0.99661064
1 -6.757593 19.875565 -193.63509 0.08542394 -0.07477876 -0.99353456
1 16.728533 7.960495 -186.40057 0.07713353 -0.11294873 -0.9906023
1 57.755775 -0.3801117 -149.64566 0.34432292 -0.117449254 -0.93147594

p -10.9701805 -1.1458435 -62.126205 -0.09206402 0.103053294 -0.9904061
1 -109.224 -0.28178406 -75.30991 -0.79971135 0.03390801 -0.5994264
1 -47.806988 12.2344055 -181.97185 -0.08028124 0.0020190838 -0.9967702
1 -6.7507396 15.703598 -195.55278 0.08716106 -0.0842771 -0.992623
1 16.85029 4.5480194 -187.80663 0.07961516 -0.12258315 -0.9892597
1 57.75273 -3.1774826 -151.05359 0.3471078 -0.12234277 -0.92981094

p -11.244072 -2.9803696 -68.44153 -0.066276416 0.111423746 -0.99156046
1 -109.15615 -1.3814087 -76.74176 -0.7983035 0.03830416 -0.6010361
1 -47.509804 8.654846 -183.54929 -0.078888744 -0.00718611 -0.9968575
1 -6.5657854 9.186005 -197.50563 0.08829167 -0.10407325 -0.9906429
1 16.994843 -0.12857056 -189.43016 0.08110935 -0.13654642 -0.9873076
1 57.83291 -6.6134033 -152.6762 0.34967378 -0.12836377 -0.9280361

p -11.487668 -4.369156 -72.47466 -0.042770896 0.122975595 -0.9914876
1 -109.0747 -2.3410797 -78.02671 -0.79758346 0.042558398 -0.60170543
1 -47.3913 6.2688446 -185.21994 -0.07731376 -0.017303625 -0.99685663
1 -6.393474 3.1796875 -199.04668 0.08906334 -0.13009766 -0.9874929
1 16.895927 -3.8982315 -190.4315 0.08098927 -0.15308729 -0.9848883
1 57.817566 -9.46611 -153.8903 0.35018894 -0.13626027 -0.9267151

p -11.535371 -5.410492 -73.89172 -0.024664039 0.12876238 -0.9913687
1 -109.55283 -3.052124 -79.21137 -0.7970201 0.04858702 -0.6019952
1 -47.25863 4.658386 -185.90514 -0.07573477 -0.027321927 -0.99675363
1 -6.2072644 -1.5098877 -199.9403 0.089228034 -0.16291481 -0.9825971
1 16.632275 -6.891571 -190.84665 0.0797624 -0.17283481 -0.9817159
1 57.662548 -11.867836 -154.75473 0.35023943 -0.14448206 -0.9254498

p -11.526066 -6.1035995 -74.481155 -0.0108303465 0.13687238 -0.9905295
1 -109.48121 -3.7233505 -80.28302 -0.7964521 0.047984466 -0.60279477
1 -47.10055 3.7008057 -186.3582 -0.07397026 -0.037261978 -0.9965641
1 -6.052777 -4.9670944 -199.69606 0.08856398 -0.21243271 -0.973154
1 16.159332 -9.431274 -190.81136 0.07639635 -0.19962323 -0.97689
1 57.408012 -13.636017 -155.46863 0.34909445 -0.15308158 -0.9244994

p -11.551255 -6.4860153 -75.06854 -2.1193981E-4 0.14171654 -0.98990726
1 -109.60881 -4.2640457 -81.25359 -0.7965789 0.049663782 -0.6024912
1 -46.965637 3.041214 -186.55852 -0.072272256 -0.046806656 -0.99628603
1 -5.945312 -7.350975 -199.68613 0.08768754 -0.25731194 -0.96234167
1 15.804258 -11.017578 -190.84877 0.07320859 -0.22382954 -0.9718749
1 57.166153 -14.869591 -155.9978 0.3481973 -0.16111109 -0.9234727

p -11.586426 -6.670555 -75.579056 0.008072801 0.14592284 -0.98926306
1 -109.90206 -4.6333313 -82.118 -0.79691976 0.050128005 -0.6020017
1 -46.865063 2.5715332 -186.71928 -0.07059634 -0.05652544 -0.9959021
1 -5.9522686 -8.898422 -199.80374 0.08666018 -0.29559892 -0.9513734
1 15.451712 -12.060913 -190.64774 0.06991318 -0.24787347 -0.96626645
1 56.937714 -15.718628 -156.42021 0.34698686 -0.1686522 -0.92258143

p -11.605585 -6.7615433 -75.78134 0.015598266 0.15000856 -0.98856163
1 -110.158485 -4.942749 -82.86823 -0.79673344 0.050418008 -0.6022241
1 -46.777035 2.2467804 -186.61374 -0.068960644 -0.06694391 -0.99537075
1 -6.0934653 -9.676361 -199.55028 0.085379094 -0.32806364 -0.9407894
1 15.154701 -12.692505 -190.51056 0.066774994 -0.2695553 -0.96066695
1 56.70281 -16.193665 -156.70082 0.34562173 -0.17564297 -0.9217891

p -11.622234 -6.7609787 -75.911285 0.021058071 0.15257381 -0.9880677
1 -110.27143 -5.2069244 -83.519424 -0.79722756 0.05089962 -0.60152924
1 -46.76563 2.1684875 -186.65442 -0.06759884 -0.07602005 -0.9948122
1 -6.28566 -10.257294 -199.34189 0.08383277 -0.35424876 -0.931386
1 14.868315 -12.982071 -190.63667 0.06413053 -0.28377256 -0.9567447
1 56.482765 -16.472755 -156.96709 0.34408337 -0.18210165 -0.92111105

p -11.646647 -6.6995926 -76.006714 0.025392916 0.15545511 -0.9875165
1 -110.48776 -5.357437 -84.11426 -0.7967616 0.049093764 -0.60229623
1 -46.801792 2.2578583 -186.88185 -0.06642583 -0.084399536 -0.9942154
1 -6.5160785 -10.329994 -199.07631 0.08246988 -0.37620798 -0.92285764
1 14.607651 -13.180954 -190.68694 0.061092425 -0.29895157 -0.9523107
1 56.253246 -16.585037 -157.1629 0.34206077 -0.18835841 -0.9206061

p -11.6807995 -6.5794983 -76.225174 0.028796075 0.15836862 -0.98696005
1 -110.39398 -5.543312 -84.58641 -0.79705274 0.048375875 -0.601969
1 -46.863308 2.6572113 -186.63336 -0.06532842 -0.09245617 -0.99357134
1 -6.6981273 -10.404617 -199.01976 0.08105275 -0.39129412 -0.91668934
1 14.386005 -13.08873 -190.55688 0.058211144 -0.31161636 -0.94842327
1 56.025604 -16.58995 -157.29816 0.3400661 -0.1946144 -0.92004365

p -11.70495 -6.3532944 -76.3311 0.03087175 0.16029893 -0.9865856
1 -110.35168 -5.574684 -85.00018 -0.7974179 0.04885286 -0.6014467
1 -46.991047 3.2516937 -186.49957 -0.06460786 -0.09938159 -0.9929497
1 -6.817642 -10.233192 -199.27847 0.079895906 -0.4004472 -0.91283005
1 14.202448 -12.879402 -190.52568 0.055838022 -0.32089603 -0.945467
1 55.758053 -16.477829 -157.40775 0.3378493 -0.20085129 -0.9195198

p -11.065595 -5.3092194 -77.21516 0.040294155 0.16730101 -0.9850821
1 -110.200455 -3.9535294 -85.66124 -0.79637 0.05323263 -0.6024625
1 -44.870735 5.462967 -186.83943 -0.061307564 -0.100964725 -0.99299926
1 -4.975915 -8.352852 -199.24945 0.08120119 -0.4015569 -0.91222715
1 16.71481 -11.182587 -190.29297 0.058621984 -0.32062665 -0.94538987
1 57.6319 -15.498283 -156.6927 0.34009066 -0.20368434 -0.9180692

p -5.4691486 -3.5740433 -81.49877 0.082312025 0.19109799 -0.97811365
1 -106.409096 -0.055099487 -88.231964 -0.7933636 0.07269604 -0.6043919
1 -32.902504 8.426743 -189.6409 -0.043487497 -0.10476716 -0.99354553
1 5.1062684 -7.5766983 -199.94363 0.09176611 -0.4080798 -0.9083226
1 28.49704 -11.054909 -189.55997 0.07105145 -0.33045572 -0.9411433
1 65.317795 -16.52214 -154.50533 0.34867793 -0.21312492 -0.91268915

p 2.3701615 -2.4555206 -86.45744 0.13654381 0.20435677 -0.9693266
1 -101.54748 3.7627563 -91.68596 -0.7886428 0.09174536 -0.60796815
1 -17.52065 10.059921 -192.34584 -0.020830551 -0.11084319 -0.99361956
1 16.531597 -7.1567307 -200.52786 0.10596029 -0.40995908 -0.90592825
1 42.911686 -11.732185 -189.11618 0.08922662 -0.33684546 -0.9373227
1 73.80679 -18.059402 -152.45767 0.3592765 -0.22430123 -0.9058749

p 11.169472 -2.216568 -91.37899 0.18870631 0.20843588 -0.9596585
1 -95.5739 7.1320953 -96.29 -0.78188705 0.1105048 -0.6135481
1 -1.6633492 10.690414 -195.56587 0.0055698524 -0.1148461 -0.9933677
1 30.019543 -6.811226 -201.55713 0.12399121 -0.40681553 -0.90505654
1 58.65773 -12.166176 -189.19112 0.112163395 -0.33736008 -0.93466973
1 82.43485 -20.045113 -150.84302 0.37254617 -0.23471299 -0.8978414

p 18.896524 -2.226822 -95.88292 0.23411855 0.20710963 -0.9498916
1 -88.99797 9.765884 -101.583084 -0.7743874 0.12625478 -0.61998695
1 11.440071 11.669922 -198.401 0.033248957 -0.112277195 -0.9931205
1 43.51691 -5.3025665 -203.06754 0.1452714 -0.39285028 -0.90805554
1 71.959206 -11.542534 -189.70403 0.1393489 -0.32919297 -0.9339239
1 90.37828 -21.635712 -149.98894 0.3897383 -0.24269812 -0.8883702

p 24.600025 -2.2578278 -99.53557 0.26708892 0.20556702 -0.94149125
1 -82.767784 12.199158 -107.064255 -0.7667451 0.1414623 -0.6261712
1 20.436357 12.818558 -200.83534 0.060009573 -0.10604884 -0.99254847
1 56.470848 -3.2388992 -204.66095 0.16851908 -0.3750362 -0.9115641
1 80.9871 -10.7050705 -190.47072 0.16686857 -0.3188054 -0.9330155
1 96.83737 -22.77349 -149.605 0.40713227 -0.24832983 -0.8789628

p 28.683079 -2.2355042 -102.58161 0.29587957 0.20497492 -0.93297404
1 -76.715706 14.296188 -112.276985 -0.75845766 0.15796086 -0.63228977
1 26.495499 14.208069 -203.22223 0.08508162 -0.093921915 -0.9919374
1 65.92871 -1.0979156 -206.15794 0.19338432 -0.35209575 -0.915768
1 87.16161 -9.679771 -191.03468 0.1939573 -0.30828032 -0.931313
1 102.080154 -23.460373 -149.3239 0.41283077 -0.25765607 -0.87360406

p 30.80568 -2.3435593 -102.54552 0.30589414 0.18513544 -0.93389165
1 -71.26783 16.211014 -117.14746 -0.7500368 0.17337148 -0.6382688
1 31.157982 15.960922 -205.70987 0.10955356 -0.07997358 -0.9907584
1 72.14527 0.8845978 -207.8272 0.21781778 -0.32699266 -0.91958207
1 91.91728 -8.733261 -191.75606 0.21312207 -0.30821064 -0.92713815
1 106.47298 -24.093773 -149.3596 0.4303594 -0.26065367 -0.8642051

p 32.454285 -2.3555908 -104.25483 0.32782343 0.1841582 -0.9266162
1 -66.41944 18.016006 -122.130936 -0.7410566 0.19000384 -0.64399815
1 35.116344 18.327332 -208.09776 0.13450935 -0.06142043 -0.98900694
1 76.4403 3.0074463 -209.07507 0.24268451 -0.2997978 -0.9226188
1 96.4902 -8.048004 -193.065 0.24318114 -0.29419696 -0.9242895
1 110.11438 -24.949226 -149.7398 0.44551957 -0.26377806 -0.8555311

p 33.035526 -2.506897 -107.25723 0.34988225 0.17416838 -0.92046064
1 -62.18521 19.80597 -127.25949 -0.73122495 0.20773186 -0.6497365
1 38.26129 20.870972 -210.95706 0.1623487 -0.039004453 -0.9859623
-1 
1 100.1794 -7.9351425 -195.67427 0.25889295 -0.2714165 -0.9269884
1 112.86598 -26.621605 -151.30222 0.4415893 -0.28645998 -0.8502585

p 23.942364 -2.07193 -107.26601 0.3337444 0.09565356 -0.93779796
1 -61.636787 21.999191 -131.92831 -0.7196669 0.22372034 -0.65728897
-1 
-1 
-1 
1 105.14378 -28.109718 -154.3477 0.45458877 -0.2893726 -0.84238505

p 16.068094 -1.1758575 -106.67489 0.2982475 0.043721795 -0.9534867
1 -62.749817 23.870972 -134.74292 -0.70938665 0.22641294 -0.6674637
-1 
-1 
-1 
1 95.35118 -29.810074 -159.65544 0.45623815 -0.28952608 -0.8414401

p -1.0273123 0.8000488 -106.462524 0.19710262 0.008789218 -0.98034346
-1 
-1 
-1 
-1 
-1 

p -12.335774 2.6458893 -101.97721 0.09114869 -0.020440105 -0.9956275
-1 
-1 
-1 
-1 
-1 

p -24.86691 4.146805 -102.67989 -0.0038800421 -0.051414218 -0.99866986
1 -84.93076 26.459488 -125.72072 -0.7496455 0.21840316 -0.62476534
1 -62.966248 17.270538 -212.70868 0.026241751 -0.05469623 -0.99815816
-1 
1 6.4734025 -15.675705 -209.47101 0.14720969 -0.2415401 -0.9591599
1 50.88761 -32.449165 -165.918 0.40669438 -0.31890982 -0.8560936

p -33.27899 5.5362854 -102.84091 -0.097116426 -0.06367593 -0.993234
1 -95.56589 27.322968 -119.90993 -0.7421221 0.2494279 -0.62212574
1 -75.66924 8.407288 -209.34889 -0.027513297 -0.10296318 -0.9943046
-1 
1 -33.65303 -17.89737 -206.91385 0.07730161 -0.28174916 -0.9563691
1 -2.8369975 -33.89663 -169.51152 0.3135375 -0.36225292 -0.87776256

p -37.00556 6.943512 -100.22575 -0.1801015 -0.06307571 -0.9816236
1 -103.12285 27.366043 -114.469864 -0.74118084 0.23888268 -0.62736434
1 -81.4769 -0.24526978 -203.0313 -0.11102745 -0.1634264 -0.9802881
-1 
1 -57.319595 -20.374031 -201.49481 0.07958828 -0.3392317 -0.93733
1 -27.131037 -34.0801 -168.86093 0.17805204 -0.4198293 -0.8899667

p -38.068047 8.020065 -97.15529 -0.25106242 -0.051773503 -0.96658534
1 -108.137314 26.97525 -109.948074 -0.7443954 0.19329098 -0.6391511
1 -87.15856 -8.328613 -195.42369 -0.13452274 -0.18365386 -0.9737427
-1 
1 -68.39944 -22.868408 -194.23636 0.033570424 -0.37951016 -0.9245783
1 -37.19421 -34.07702 -166.76825 0.032780103 -0.4749182 -0.8794192

p -37.006447 8.467728 -92.846466 -0.3057816 -0.062297262 -0.9500614
1 -110.86743 25.847351 -106.020164 -0.75370854 0.15593134 -0.6384425
1 -88.107994 -14.792229 -184.29466 -0.14253315 -0.22886547 -0.96296674
1 -106.87824 -13.162857 -150.76688 -0.40633672 -0.7250514 -0.5560494
1 -72.16176 -25.262794 -184.6252 -0.025709592 -0.41002187 -0.91171324
-1 

p -34.9598 8.751602 -87.92473 -0.3469786 -0.06673831 -0.9354955
1 -112.21139 24.544983 -102.807556 -0.76163244 0.13046384 -0.6347403
1 -88.77946 -20.024017 -173.4768 -0.13290964 -0.27539605 -0.9520987
1 -104.29305 -14.635513 -143.18298 -0.37866226 -0.7828671 -0.49369425
-1 
1 -52.44753 -34.588974 -160.97052 -0.076620795 -0.49860966 -0.86343366

p -32.446198 8.841187 -82.778336 -0.38496143 -0.06935292 -0.92032325
1 -112.81823 23.228607 -100.20331 -0.767737 0.10582292 -0.63196635
-1 
1 -101.57388 -15.887238 -136.92561 -0.4167503 -0.7663979 -0.48882866
-1 
1 -65.377815 -34.885643 -154.17819 -0.13942778 -0.49446926 -0.8579394

p -29.876957 8.744141 -77.843216 -0.41894555 -0.07084955 -0.90524304
1 -113.000496 21.984009 -98.12688 -0.77186614 0.08354868 -0.63027155
-1 
1 -98.85982 -16.865067 -131.428 -0.46876344 -0.7497802 -0.46700168
-1 
1 -71.494026 -35.17691 -147.77911 -0.23999481 -0.45811868 -0.85587955

p -26.561079 8.607468 -72.39176 -0.4348002 -0.07018157 -0.897788
1 -111.98444 20.846283 -96.75748 -0.77149343 0.06243815 -0.63316613
-1 
-1 
1 -72.46942 -26.80526 -168.78452 -0.12539051 -0.45752868 -0.88030946
-1 

p -13.596579 8.409561 -59.769653 -0.42234054 -0.010404162 -0.90637755
1 -105.58151 20.459442 -97.43512 -0.74823016 0.044584297 -0.66193944
-1 
-1 
-1 
-1 

p -4.719625 8.150925 -50.97592 -0.40865758 0.038418643 -0.9118788
1 -98.155 20.351425 -98.058105 -0.71704316 0.027789347 -0.6964746
-1 
-1 
-1 
-1 

p 1.7009721 7.6649017 -45.18385 -0.38895354 0.07817019 -0.91793495
1 -86.38444 19.90947 -98.731964 -0.6577762 0.008466714 -0.75316584
-1 
-1 
-1 
-1 

p 5.2045465 7.2264557 -41.811302 -0.36656588 0.1058821 -0.9243476
1 -66.89472 18.482513 -99.97248 -0.5322985 -0.02526344 -0.84617966
-1 
-1 
-1 
-1 

p 6.558249 6.703964 -40.615135 -0.3459993 0.12172734 -0.93030477
1 -54.69492 16.978546 -100.97385 -0.39668736 -0.05333594 -0.916403
-1 
-1 
-1 
-1 

p 6.8292947 6.3428497 -40.167034 -0.3342652 0.13004488 -0.93346405
1 -51.8435 15.749496 -100.96983 -0.27347386 -0.060925975 -0.95994794
-1 
-1 
-1 
-1 

p 6.7547145 6.105194 -40.17601 -0.32076862 0.13745001 -0.9371312
1 -51.15311 14.812836 -101.08609 -0.19045298 -0.08260418 -0.9782148
-1 
-1 
-1 
-1 

p 6.8374076 5.83403 -39.75339 -0.31054822 0.14102139 -0.9400387
1 -50.94398 14.113312 -101.15004 -0.14692749 -0.088435695 -0.985186
-1 
-1 
-1 
-1 

p 6.7509084 5.6325836 -39.50187 -0.30100247 0.14366014 -0.9427403
1 -50.905033 13.524826 -101.102325 -0.11435196 -0.10312845 -0.98807293
-1 
-1 
-1 
-1 

p 6.5589833 5.465851 -39.325836 -0.29435757 0.14509986 -0.94461614
1 -50.964695 13.064682 -101.040115 -0.086782366 -0.117049865 -0.98932713
-1 
-1 
-1 
-1 

p 6.207643 5.2980804 -39.10466 -0.28901193 0.14616165 -0.94610196
1 -51.21441 12.666962 -100.93712 -0.07230062 -0.12128873 -0.98998064
-1 
-1 
-1 
-1 

p 5.8702474 5.118988 -38.80459 -0.28470936 0.14816791 -0.9470939
1 -51.478565 12.330902 -100.790115 -0.063713476 -0.116186306 -0.9911818
-1 
-1 
-1 
-1 

p 5.006535 4.7388763 -37.899498 -0.2803289 0.1504003 -0.94804823
1 -52.220783 11.860764 -100.372734 -0.051178418 -0.108344495 -0.99279517
-1 
-1 
-1 
-1 

p 4.1633544 4.3855286 -36.823982 -0.27472576 0.1545065 -0.94902766
1 -52.51966 11.8107605 -99.73195 -0.035228472 -0.090340815 -0.99528766
-1 
-1 
-1 
-1 

p 3.8393035 3.9617615 -35.525597 -0.27035943 0.15537286 -0.95013946
1 -52.43896 11.9006195 -99.29443 -0.015011132 -0.08169912 -0.996544
-1 
-1 
-1 
-1 

p 3.8033977 3.6655426 -34.700912 -0.2649812 0.15891519 -0.9510683
1 -52.150402 11.954239 -99.12099 8.049259E-4 -0.080858044 -0.9967253
-1 
-1 
-1 
-1 

p 4.333119 3.1535645 -33.45507 -0.2610497 0.16093092 -0.9518163
1 -51.55789 11.960327 -98.91562 0.004092393 -0.062304158 -0.99804884
-1 
-1 
-1 
-1 

p 4.9846835 2.7531433 -32.63212 -0.25624937 0.16377887 -0.95263463
1 -50.844635 11.97821 -98.8722 0.012945705 -0.06301029 -0.9979289
-1 
-1 
-1 
-1 

p 5.6096644 2.4553528 -32.1531 -0.25291023 0.16460983 -0.95338345
1 -50.00456 11.972015 -98.75363 0.012096047 -0.043301273 -0.9989888
-1 
-1 
-1 
-1 

p 6.3104854 2.203308 -31.822916 -0.24880219 0.1605679 -0.95515203
1 -49.0872 12.006882 -98.620895 0.014951398 -0.03255987 -0.99935794
-1 
-1 
-1 
-1 

p 7.051371 1.9186554 -31.386091 -0.24634372 0.16027175 -0.95583874
1 -48.149162 12.036926 -98.52326 0.017624965 -0.02499113 -0.9995323
-1 
-1 
-1 
-1 

p 7.684879 1.7056274 -31.0099 -0.24250372 0.16085167 -0.9567229
1 -47.346016 12.065079 -98.649994 0.01955388 -0.026743189 -0.9994511
-1 
-1 
-1 
-1 

p 8.268587 1.4709625 -30.564802 -0.23967442 0.16120747 -0.95737576
1 -46.642006 12.081238 -98.4984 0.0222886 -0.017341409 -0.9996012
-1 
-1 
-1 
-1 

p 8.780909 1.285492 -30.227995 -0.23795372 0.16291231 -0.9575164
1 -46.010418 12.100937 -98.396034 0.024403006 -0.014103982 -0.99960274
-1 
-1 
-1 
-1 

p 9.561773 1.0032501 -29.849962 -0.23314482 0.16349967 -0.9585986
1 -45.024883 11.768402 -98.34212 0.024941793 -0.0141716 -0.99958843
-1 
-1 
-1 
-1 

p 10.787289 0.71650696 -29.512846 -0.23105039 0.16343287 -0.959117
1 -43.668262 11.409622 -98.338486 0.027551984 -0.01877143 -0.9994441
-1 
-1 
-1 
-1 

p 11.628847 0.84199524 -30.184643 -0.22882903 0.16416311 -0.95952475
1 -42.3079 11.422455 -98.37315 0.029400827 -0.018231891 -0.9994014
-1 
-1 
-1 
-1 

p 12.229023 1.0096588 -30.6791 -0.2266121 0.16429064 -0.96002895
1 -41.316303 11.580048 -98.50741 0.031459164 -0.018452851 -0.9993347
-1 
-1 
-1 
-1 

p 12.713808 1.1204376 -30.808365 -0.22344643 0.16299295 -0.9609917
1 -40.61377 11.767059 -98.555176 0.034497406 -0.02000502 -0.9992046
-1 
-1 
-1 
-1 

p 13.011538 1.2711945 -30.939974 -0.22205773 0.16398296 -0.9611451
1 -40.118248 11.955658 -98.56561 0.03656605 -0.020693388 -0.99911696
-1 
-1 
-1 
-1 

p 13.396109 1.2510529 -30.448225 -0.22095935 0.16564377 -0.96111345
1 -39.80488 12.200638 -98.5383 0.037152722 -0.022376327 -0.999059
-1 
-1 
-1 
-1 

p 13.628384 1.2866669 -30.101181 -0.21949236 0.16759154 -0.96111196
1 -39.61073 12.423645 -98.44631 0.03876005 -0.027669445 -0.99886537
-1 
-1 
-1 
-1 

p 13.818859 1.2633209 -29.696047 -0.21819682 0.16861764 -0.9612275
1 -39.47888 12.574783 -98.36488 0.039058205 -0.026504157 -0.9988854
-1 
-1 
-1 
-1 

p 13.820078 1.3991852 -29.837389 -0.21799862 0.16890211 -0.96122247
1 -39.407963 12.706055 -98.29741 0.040500425 -0.029844794 -0.9987337
-1 
-1 
-1 
-1 

p 13.935307 1.4255981 -29.603184 -0.21659105 0.16990271 -0.9613643
1 -39.36729 12.764725 -98.23282 0.04096296 -0.028904097 -0.9987425
-1 
-1 
-1 
-1 

p 14.024193 1.3909607 -29.362408 -0.21681431 0.16858077 -0.9615467
1 -39.361225 12.748718 -98.22795 0.041569747 -0.028489644 -0.99872935
-1 
-1 
-1 
-1 

p 13.929123 1.539856 -29.701443 -0.21727636 0.16611396 -0.9618717
1 -39.338696 12.652374 -98.24393 0.04142846 -0.026022358 -0.99880254
-1 
-1 
-1 
-1 

p 13.787155 1.7579803 -30.254293 -0.21666706 0.16492182 -0.96221423
1 -39.272263 12.539627 -98.29845 0.043837335 -0.0282948 -0.9986379
-1 
-1 
-1 
-1 

p 13.716026 1.8858948 -30.61275 -0.21793684 0.16116016 -0.96256477
1 -39.21606 12.421158 -98.387665 0.044760898 -0.029463599 -0.9985632
-1 
-1 
-1 
-1 

p 13.620399 2.0386505 -31.212381 -0.21812007 0.15953535 -0.9627939
1 -39.112713 12.270203 -98.49227 0.045939684 -0.03102362 -0.9984624
-1 
-1 
-1 
-1 

p 13.546192 2.1497345 -31.916227 -0.21729383 0.15968354 -0.96295613
1 -38.95679 11.999802 -98.569534 0.047001887 -0.033777487 -0.99832356
-1 
-1 
-1 
-1 

p 13.539127 2.1473236 -32.45198 -0.21575473 0.16023006 -0.9632114
1 -38.793526 11.704681 -98.66327 0.04685277 -0.03432924 -0.99831176
-1 
-1 
-1 
-1 

p 13.581863 2.0823364 -32.75009 -0.21544169 0.15945321 -0.9634104
1 -38.63794 11.443253 -98.72344 0.047797803 -0.03684802 -0.9981771
-1 
-1 
-1 
-1 

p 13.631826 1.9810791 -33.047478 -0.21584903 0.15940064 -0.9633279
1 -38.46416 11.131821 -98.78931 0.04858104 -0.03794034 -0.9980984
-1 
-1 
-1 
-1 

p 13.704645 1.8722992 -33.24111 -0.21747927 0.15671293 -0.9634022
1 -38.316128 10.861496 -98.84536 0.050673872 -0.044376135 -0.9977289
-1 
-1 
-1 
-1 

p 13.777676 1.7516174 -33.40689 -0.21635309 0.1559258 -0.96378344
1 -38.151367 10.481369 -98.74411 0.049845 -0.04410798 -0.9977825
-1 
-1 
-1 
-1 

p 13.798582 1.6595154 -33.712444 -0.21656092 0.15659207 -0.9636287
1 -38.02345 10.240692 -98.80589 0.05080699 -0.044572387 -0.9977134
-1 
-1 
-1 
-1 

p 13.848242 1.5560455 -33.908897 -0.21637128 0.15665212 -0.96366155
1 -37.887924 9.9700165 -98.85034 0.05198072 -0.046988126 -0.997542
-1 
-1 
-1 
-1 

p 13.864021 1.4754944 -34.199036 -0.21433845 0.15700923 -0.9640576
1 -37.770264 9.755798 -98.902504 0.053208273 -0.051374443 -0.99726105
-1 
-1 
-1 
-1 

p 13.923925 1.3540192 -34.369274 -0.21612953 0.15506145 -0.96397305
1 -37.64469 9.459991 -98.846275 0.053842057 -0.05197377 -0.99719596
-1 
-1 
-1 
-1 

p 13.952562 1.2171783 -34.65956 -0.21459317 0.15561128 -0.9642276
1 -37.503548 9.115021 -98.89656 0.053161018 -0.054202925 -0.9971138
-1 
-1 
-1 
-1 

