p 0.0 0.0 0.0 0.024543207 0.08090583 -0.99641955
1 -65.63652 120.17076 -61.533306 -0.46193147 0.040350914 -0.88599724
1 -9.699762 127.621475 -144.3451 -0.12589696 0.048703782 -0.99084705
1 32.85973 125.368835 -157.13327 0.02974794 -0.2196405 -0.9751272
1 64.81463 123.66807 -151.70271 0.22429429 -0.008096267 -0.97448784
1 94.600006 112.144295 -113.77675 0.36862734 -0.20925938 -0.9057176

p -0.15862083 1.4539871 -1.4241409 0.04464063 0.08546325 -0.99534076
1 -88.76934 1.628212 -23.467941 -0.5126943 0.052570727 -0.85696024
1 -31.060017 10.3131485 -111.69522 -0.10384436 0.06040972 -0.99275726
1 13.194046 7.163658 -123.32567 0.0690773 -0.17372973 -0.9823677
1 44.05535 4.075203 -115.44566 0.22277516 -0.018832589 -0.97468793
1 75.0203 -7.5331497 -77.4267 0.37956738 -0.19626933 -0.9041056

p -0.22901154 2.6788025 -2.7624283 0.060189787 0.090315975 -0.99409264
1 -90.82194 3.4507523 -22.072693 -0.5619361 0.09954153 -0.8211695
1 -31.439674 12.827934 -112.98242 -0.0922046 0.06252072 -0.99377537
1 13.853989 9.226372 -125.10805 0.093783066 -0.1478023 -0.98456043
1 43.8126 5.036667 -115.476746 0.2217403 -0.027615795 -0.97471464
1 75.543076 -6.671509 -77.28561 0.38703793 -0.18904662 -0.902476

p -0.26600266 3.7621307 -3.784626 0.07470582 0.09558991 -0.99261355
1 -92.29169 5.1608353 -20.98098 -0.585487 0.10267115 -0.804154
1 -31.615414 14.720772 -113.38884 -0.08579066 0.058591634 -0.99458885
1 14.394424 10.832085 -126.47168 0.10923534 -0.1313596 -0.9852981
1 43.630753 5.7284164 -115.69983 0.22042282 -0.0360777 -0.974737
1 75.867546 -5.795807 -77.0261 0.3916696 -0.18513328 -0.9012883

p -0.2697239 4.742073 -4.5492783 0.08649796 0.09855623 -0.99136513
1 -93.49111 6.6943893 -20.074284 -0.6020173 0.11009255 -0.790857
1 -31.696014 16.149162 -114.23834 -0.08259023 0.059751797 -0.99479073
1 14.777729 12.170677 -127.2086 0.119647235 -0.12454496 -0.98497367
1 43.54871 6.52845 -115.82936 0.21955231 -0.041843977 -0.97470295
1 76.19936 -4.964714 -76.90354 0.39567167 -0.18060301 -0.90045905

p -0.23432922 5.59552 -4.9956856 0.09353397 0.10131909 -0.9904473
1 -94.45302 8.118309 -19.375362 -0.6248833 0.13035679 -0.76975834
1 -31.699398 17.13839 -114.1535 -0.0807802 0.05599949 -0.9951576
1 15.025562 13.235634 -127.59363 0.12561223 -0.120285966 -0.9847603
1 43.359756 6.9962387 -115.56192 0.21808283 -0.050049447 -0.97464603
1 76.39116 -4.2010193 -76.68194 0.39817265 -0.1794961 -0.8995775

p -0.07309914 6.6349564 -5.3066826 0.09892817 0.10398208 -0.98964685
1 -95.06512 9.492485 -18.632366 -0.63949126 0.14112855 -0.75573385
1 -31.607443 17.877098 -113.85457 -0.07909982 0.050394353 -0.9955921
1 15.218784 14.160805 -127.80791 0.12915727 -0.1207606 -0.9842435
1 43.09089 7.6969223 -115.55167 0.21575767 -0.058268037 -0.9747069
1 76.5709 -3.2305832 -76.679596 0.39897057 -0.1793684 -0.8992494

p 0.4710083 7.6101456 -5.947563 0.10272607 0.11015844 -0.98859113
1 -95.25826 10.555855 -18.056393 -0.65574074 0.1589311 -0.7380684
1 -31.228292 18.224907 -113.90486 -0.077930585 0.041462146 -0.99609625
1 15.53714 14.533714 -127.95488 0.13030975 -0.12669224 -0.98334557
1 42.939034 8.219566 -115.41948 0.21178274 -0.069064595 -0.9748734
1 76.671684 -2.4434586 -76.651665 0.3971937 -0.18239658 -0.8994268

p 1.2187595 8.186058 -5.4994545 0.09907139 0.10428275 -0.9896009
1 -95.14277 10.944298 -17.88916 -0.6721069 0.16912094 -0.7208817
1 -30.207867 17.227852 -114.71956 -0.075677685 0.026199818 -0.9967881
1 16.63913 13.862434 -127.8943 0.13196725 -0.13321137 -0.9822624
1 42.90664 6.6002426 -115.318756 0.20596422 -0.083680026 -0.97497505
1 77.21107 -4.2201767 -76.60105 0.39460728 -0.19555764 -0.8977986

p 1.9325523 8.340569 -6.0226936 0.10313873 0.106903836 -0.98890543
1 -94.73951 10.961342 -17.905006 -0.6794572 0.1675136 -0.7143369
1 -28.961264 16.134254 -114.85806 -0.07273232 0.013315517 -0.9972626
1 18.285355 12.419182 -128.66704 0.120189436 -0.17385422 -0.9774094
1 43.568893 4.3475494 -115.90752 0.20035303 -0.09903093 -0.9747059
1 77.95327 -6.50885 -76.65247 0.39099485 -0.21216752 -0.8956048

p 3.226204 8.246574 -6.69186 0.1069559 0.113551065 -0.98775834
1 -94.103 10.770241 -18.188576 -0.69439673 0.15963861 -0.70166135
1 -27.332268 15.381508 -115.44685 -0.06855957 0.0036430086 -0.9976404
1 20.392162 11.60392 -128.90198 0.12828046 -0.17999247 -0.9752676
1 44.79454 2.8848953 -116.19606 0.19561118 -0.116386496 -0.9737507
1 78.962234 -8.125755 -76.84475 0.38680953 -0.22816 -0.89348835

p 4.213415 8.2606735 -7.203438 0.11264695 0.120522745 -0.9862986
1 -93.41682 10.618858 -18.564144 -0.700515 0.14696828 -0.6983403
1 -25.78471 14.937599 -115.57582 -0.06421187 -0.005663281 -0.9979202
1 22.197838 11.065071 -129.13763 0.13471366 -0.18607464 -0.97325665
1 45.85714 1.9906387 -116.26033 0.19218323 -0.13103473 -0.9725716
1 79.700516 -9.340187 -76.848335 0.38264498 -0.24391147 -0.8911173

p 5.007206 8.362724 -7.5988655 0.11598417 0.12594013 -0.9852344
1 -92.718216 10.497917 -19.074638 -0.7104059 0.14333415 -0.689042
1 -24.110199 14.663521 -116.15013 -0.05958359 -0.012571791 -0.99814415
1 23.789555 10.80822 -129.75383 0.14033246 -0.19015507 -0.9716727
1 46.839394 1.4188156 -116.49118 0.18853024 -0.1463463 -0.971102
1 80.29688 -10.196533 -76.82095 0.3779328 -0.25902957 -0.8888591

p 5.7606754 8.49781 -7.92083 0.11926381 0.13128461 -0.98414457
1 -91.923065 10.368172 -19.583931 -0.71876645 0.13140374 -0.6827209
1 -22.4673 14.631111 -116.49144 -0.054878503 -0.019512145 -0.9983024
1 25.113255 10.897438 -129.73183 0.14547695 -0.19410548 -0.9701338
1 47.622093 0.9184418 -116.48976 0.18504213 -0.16339403 -0.969052
1 80.89672 -10.706055 -76.96506 0.37415355 -0.27120546 -0.88682395

p 6.423111 8.692955 -8.311798 0.12165052 0.13419208 -0.98346
1 -91.13536 10.231575 -20.09911 -0.725654 0.11865143 -0.67775226
1 -20.830723 14.840355 -116.86456 -0.050129957 -0.024993896 -0.9984299
1 26.382988 11.170708 -129.95068 0.14991504 -0.1978164 -0.96870744
1 48.397804 0.88277435 -116.45482 0.18243353 -0.17763454 -0.96703875
1 81.37032 -10.974846 -77.01516 0.36929825 -0.2843711 -0.88473266

p 7.080374 8.914864 -8.67337 0.1230617 0.1394535 -0.98255205
1 -90.39793 10.192543 -20.649273 -0.72701615 0.109736405 -0.6777945
1 -19.312014 15.159737 -117.310425 -0.04558539 -0.030717354 -0.99848807
1 27.602406 11.257088 -130.33438 0.1527201 -0.20659095 -0.9664351
1 49.189682 1.0606537 -116.46951 0.1801929 -0.19048317 -0.96501124
1 81.88906 -11.049606 -77.17195 0.3653698 -0.29510036 -0.8828481

p 7.71772 9.186211 -9.050396 0.12519816 0.14584818 -0.981353
1 -89.66648 10.300148 -21.268524 -0.7325125 0.10509826 -0.67259187
1 -17.730139 15.779976 -117.76079 -0.04106486 -0.034575567 -0.99855804
1 28.797115 11.771858 -130.58894 0.15669538 -0.20746088 -0.965612
1 50.076546 1.2025299 -116.70236 0.1782862 -0.20280212 -0.9628527
1 82.46494 -10.950882 -77.38282 0.36251605 -0.30363965 -0.8811272

p 8.550913 9.534233 -9.43433 0.13029085 0.1499985 -0.9800636
1 -88.8525 10.592842 -22.043144 -0.73640245 0.10481378 -0.66837525
1 -15.717447 16.902672 -118.233536 -0.03591303 -0.037273996 -0.99865955
1 30.366344 12.787041 -130.67628 0.16096556 -0.20784974 -0.9648257
1 51.636513 1.8990936 -116.68935 0.1786153 -0.21163796 -0.9608881
1 83.454025 -10.544991 -77.64238 0.3608199 -0.31003642 -0.87959445

p 11.175108 9.918663 -11.938843 0.15109356 0.1573908 -0.97590923
1 -86.86482 11.637825 -24.557724 -0.7354893 0.10485401 -0.6693737
1 -9.034975 20.203331 -121.02782 -0.021138918 -0.028816305 -0.99936116
1 36.13613 15.030067 -131.92014 0.17391652 -0.2021387 -0.96379095
1 57.336464 2.7809525 -117.41904 0.1895512 -0.21426748 -0.95820653
1 86.28297 -10.398361 -77.99918 0.3622787 -0.31755146 -0.8763077

p 13.455833 9.37748 -14.447929 0.19100538 0.1145798 -0.97487867
1 -83.58397 13.574669 -30.224335 -0.727781 0.10994603 -0.6769392
1 3.2926464 26.702675 -125.556915 0.013949467 -0.011763515 -0.9998335
1 45.10147 15.830513 -134.09415 0.1995113 -0.20229778 -0.95878613
1 63.473755 0.26350403 -118.813156 0.2085474 -0.22054014 -0.95282215
1 84.746216 -15.491852 -80.051834 0.35412994 -0.33467293 -0.8732617

p 13.911045 8.806679 -17.374634 0.22617804 0.08010598 -0.9707866
1 -80.909546 15.813713 -35.995995 -0.7191791 0.11673318 -0.68494874
1 12.63002 31.502434 -129.55681 0.054755885 0.0012312325 -0.99849904
1 50.825577 15.460945 -136.13516 0.22370292 -0.20645534 -0.9525404
1 66.90044 -2.784874 -120.09747 0.22668736 -0.2274126 -0.9470461
1 82.06743 -20.32283 -82.316536 0.344747 -0.35272732 -0.869904

p 12.608288 8.270485 -20.312103 0.24736893 0.05594369 -0.96730494
1 -78.88745 17.711037 -41.251846 -0.7111927 0.12432994 -0.69191545
1 16.473175 34.89863 -132.6459 0.0949767 0.012582904 -0.99539995
1 52.658623 14.872078 -138.2297 0.24395232 -0.22091043 -0.9442912
-1 
-1 

p 10.75387 7.861763 -22.4211 0.25788534 0.0429767 -0.9652192
1 -77.46329 19.37542 -45.919205 -0.704432 0.13040456 -0.6976892
1 17.45232 37.28611 -135.53267 0.13099481 0.024215102 -0.99108726
1 52.660652 14.141579 -140.61458 0.2617355 -0.23496863 -0.93610054
-1 
-1 

p 8.652378 7.628151 -23.13314 0.25851077 0.022309853 -0.9657507
1 -76.94177 21.08538 -50.172417 -0.69814813 0.13767739 -0.702591
1 16.214539 39.01139 -137.59305 0.15922323 0.0355118 -0.9866037
1 51.273712 13.318428 -143.62306 0.2601481 -0.2420284 -0.9347434
-1 
-1 

p 2.5946312 7.5740128 -23.679447 0.23950218 0.0092400005 -0.97085184
1 -78.57053 22.331535 -53.29426 -0.695293 0.14133106 -0.7046937
1 8.3428955 40.69497 -139.85672 0.16845596 0.045606107 -0.9846536
-1 
-1 
-1 

p -2.034439 7.5859146 -23.543571 0.21230438 -0.0045599984 -0.97719294
1 -80.73576 23.14399 -55.503166 -0.6943194 0.14035434 -0.70584786
1 0.7772846 41.74523 -141.44171 0.16807066 0.05077417 -0.9844665
-1 
-1 
-1 

p -7.0768585 7.8040085 -22.970276 0.18518123 -0.010388287 -0.9826495
1 -82.996414 23.588753 -56.82586 -0.6939703 0.13997035 -0.7062673
1 -7.001727 42.57569 -142.31271 0.16082348 0.054502483 -0.9854772
-1 
-1 
-1 

p -11.109531 7.9347153 -23.09959 0.16005398 -0.014511789 -0.9870016
1 -86.26962 24.137413 -57.870384 -0.6942703 0.14010683 -0.7059453
1 -14.684053 43.196907 -142.95032 0.14923453 0.057769958 -0.9871128
-1 
-1 
-1 

p -14.320572 8.018333 -23.98096 0.1339937 -0.016729377 -0.990841
1 -89.471695 24.291298 -58.098946 -0.70649165 0.12844639 -0.69596773
1 -22.450521 43.385994 -142.78433 0.13473889 0.058604863 -0.98914653
-1 
-1 
-1 

p -18.345419 8.108406 -23.83825 0.096209005 -0.028576592 -0.99495083
1 -92.82452 24.226173 -57.776085 -0.7088801 0.12669276 -0.69385725
1 -30.467659 43.2828 -142.73715 0.116328396 0.05976642 -0.991411
-1 
-1 
-1 

p -23.415503 8.336098 -25.005081 0.05755406 -0.02041572 -0.9981336
1 -96.749214 23.764015 -56.507317 -0.712941 0.12161391 -0.6905977
1 -40.46074 41.752586 -141.33652 0.08972256 0.050048094 -0.99470854
1 3.2474098 7.472069 -144.90642 0.2052049 -0.34219417 -0.91694826
-1 
-1 

p -27.554976 8.757072 -20.421894 -0.0089323195 -0.02998995 -0.9995103
1 -99.58821 23.187782 -54.295883 -0.7161392 0.11525603 -0.6883754
1 -52.1271 29.031914 -127.3916 0.036143146 -0.032086052 -0.9988314
1 -33.447968 -3.6833878 -125.230255 0.18390687 -0.4175654 -0.8898412
-1 
-1 

p -24.696869 9.070198 -8.695702 -0.046407286 -0.008894251 -0.998883
1 -99.13787 21.509132 -52.68238 -0.71002555 0.10288291 -0.6966196
-1 
1 -43.11904 -10.3717575 -98.9122 0.15647629 -0.51263523 -0.8442276
-1 
-1 

p -21.09764 9.2120285 0.83672714 -0.07072122 0.0015084299 -0.997495
1 -97.14598 19.6502 -51.74772 -0.70000887 0.09229165 -0.7081453
-1 
-1 
-1 
-1 

p -18.505978 9.306358 1.1729622 -0.120972216 0.009283056 -0.9926125
1 -93.069496 17.478203 -51.18943 -0.6855681 0.08081978 -0.7235085
-1 
1 -29.728134 -11.616653 -78.07125 0.1641112 -0.5476206 -0.820475
-1 
-1 

p -13.251284 9.272697 1.4102898 -0.14265297 0.033855595 -0.98919356
1 -85.863495 15.042091 -50.784874 -0.659987 0.064572245 -0.7484969
-1 
-1 
-1 
-1 

p -7.833745 8.951317 4.547764 -0.14528061 0.041238572 -0.9885307
1 -75.36331 12.665382 -50.350746 -0.60930824 0.046027154 -0.7915965
-1 
-1 
-1 
-1 

p 0.9003868 7.8397293 9.843716 -0.13098069 0.052808654 -0.9899774
1 -58.534603 10.650093 -49.55403 -0.50648993 0.021425752 -0.8619796
-1 
-1 
-1 
-1 

p 7.2108955 6.769539 13.51363 -0.11765764 0.060166884 -0.99122983
1 -44.296436 9.000526 -48.824844 -0.3856614 -0.0026847615 -0.9226365
-1 
-1 
-1 
-1 

p 11.26651 5.8433456 15.877541 -0.10774524 0.065009944 -0.99205077
1 -36.259323 7.7650986 -48.30359 -0.27287534 -0.021901267 -0.9618001
-1 
-1 
-1 
-1 

p 14.071281 4.980194 17.557768 -0.09756027 0.06665836 -0.9929948
1 -31.621632 6.773445 -47.88247 -0.17633606 -0.036750928 -0.9836437
-1 
-1 
-1 
-1 

p 16.296143 4.0960846 19.106226 -0.08861234 0.06794513 -0.9937461
1 -28.557938 5.838188 -47.39718 -0.09805524 -0.05031227 -0.99390835
-1 
-1 
-1 
-1 

p 17.74807 3.3455658 20.115913 -0.07964703 0.067377314 -0.99454343
1 -26.29071 4.8849335 -46.952568 -0.037283637 -0.057612956 -0.9976426
-1 
-1 
-1 
-1 

p 18.781166 2.6093369 20.833395 -0.07259361 0.06578183 -0.9951899
1 -24.526745 3.933693 -46.52059 0.010499309 -0.059146423 -0.9981941
-1 
-1 
-1 
-1 

p 19.760067 1.5718079 22.087364 -0.06643903 0.061288137 -0.9959064
1 -22.99089 2.6144485 -45.746887 0.052672893 -0.063886024 -0.9965662
-1 
-1 
-1 
-1 

p 20.43132 0.74562836 22.936224 -0.061335403 0.05676434 -0.99650174
1 -21.785173 1.4385834 -45.129562 0.10542093 -0.08298187 -0.99095935
-1 
-1 
-1 
-1 

p 20.346592 -0.45788574 24.057415 -0.058449116 0.051949933 -0.99693775
1 -20.978355 0.082229614 -44.40844 0.15761827 -0.082677834 -0.9840329
-1 
-1 
-1 
-1 

p 20.013329 -1.4437714 24.874798 -0.056841403 0.045714915 -0.99733603
1 -20.612501 -0.8685608 -43.830017 0.18940283 -0.07852735 -0.97875434
-1 
-1 
-1 
-1 

p 18.143173 -1.605629 25.519753 -0.058048774 0.047904015 -0.9971638
1 -21.307627 -0.9593048 -43.29104 0.21959423 -0.066276066 -0.9733375
-1 
-1 
-1 
-1 

p 15.954994 -1.168602 25.84285 -0.0701974 0.05258555 -0.99614614
1 -22.645771 -0.38236237 -42.728592 0.2496273 -0.0602645 -0.9664649
-1 
-1 
-1 
-1 

p 14.072323 -0.5369034 26.06948 -0.07097484 0.05784479 -0.9957995
1 -23.778364 0.2322998 -42.435364 0.2679659 -0.05921433 -0.961607
-1 
-1 
-1 
-1 

p 12.596127 0.15011597 26.186573 -0.07166455 0.062043026 -0.9954973
1 -24.886436 0.90242004 -42.20472 0.27938592 -0.056512646 -0.9585144
-1 
-1 
-1 
-1 

p 11.409773 0.8379288 26.195852 -0.073002145 0.0659601 -0.9951482
1 -26.140238 1.6483612 -41.892616 0.29176837 -0.05092217 -0.95513254
-1 
-1 
-1 
-1 

p 10.5876255 1.352478 26.15564 -0.075282395 0.0681851 -0.9948283
1 -27.16817 2.2190094 -41.639915 0.30001253 -0.051598407 -0.9525388
-1 
-1 
-1 
-1 

p 10.020803 1.7110138 26.171265 -0.07902281 0.069177225 -0.99446964
1 -28.030254 2.673149 -41.41813 0.30271602 -0.043168128 -0.95210266
-1 
-1 
-1 
-1 

p 9.566114 1.9886932 26.120377 -0.081835404 0.06996338 -0.9941872
1 -28.754074 3.0198364 -41.267967 0.30528483 -0.03935714 -0.9514474
-1 
-1 
-1 
-1 

p 9.203947 2.1847763 26.104355 -0.08158242 0.06973135 -0.99422425
1 -29.41358 3.3237839 -41.190483 0.30855903 -0.037490174 -0.9504661
-1 
-1 
-1 
-1 

p 8.932623 2.315361 26.137877 -0.08124233 0.06903392 -0.9943008
1 -29.921066 3.5056076 -41.142 0.31303266 -0.037195366 -0.9490137
-1 
-1 
-1 
-1 

p 8.710768 2.4113998 26.109024 -0.08106189 0.068613835 -0.9943446
1 -30.211493 3.5836105 -41.216217 0.3149755 -0.037356023 -0.9483644
-1 
-1 
-1 
-1 

p 8.45097 2.4357834 26.119553 -0.08106753 0.06874078 -0.99433535
1 -30.551592 3.573616 -41.232895 0.31453 -0.036211655 -0.9485566
-1 
-1 
-1 
-1 

p 8.129246 2.2267838 26.267887 -0.081583686 0.06762937 -0.9943693
1 -31.050385 3.4186172 -40.976715 0.3158923 -0.035259876 -0.94813967
-1 
-1 
-1 
-1 

p 7.839876 2.0083008 26.315792 -0.07379411 0.0691226 -0.99487513
1 -31.436096 3.2341232 -40.788506 0.31606892 -0.032921076 -0.9481649
-1 
-1 
-1 
-1 

p 7.6361065 1.7712936 26.450323 -0.07466137 0.068796836 -0.994833
1 -31.755424 3.0805206 -40.631798 0.31721815 -0.031595293 -0.94782615
-1 
-1 
-1 
-1 

p 7.5159283 1.5204315 26.528467 -0.0750154 0.06759548 -0.9948887
1 -31.779455 2.7949753 -40.679756 0.31761047 -0.03283811 -0.94765246
-1 
-1 
-1 
-1 

p 7.623226 1.2140503 26.673481 -0.07621713 0.06798152 -0.99477106
1 -31.593758 2.468422 -40.665802 0.3190904 -0.03290249 -0.947153
-1 
-1 
-1 
-1 

p 7.771618 0.9744034 26.791435 -0.07609564 0.06735927 -0.9948227
1 -31.386892 2.1981354 -40.697174 0.32119098 -0.03414686 -0.9463986
-1 
-1 
-1 
-1 

p 7.9238834 0.79958344 26.877565 -0.076073214 0.06842284 -0.9947518
1 -31.229696 2.0170593 -40.694725 0.32274362 -0.034486663 -0.94585794
-1 
-1 
-1 
-1 

p 8.076599 0.6724014 26.962475 -0.076949775 0.06899025 -0.9946452
1 -31.085247 1.9014359 -40.639145 0.32269886 -0.034493625 -0.94587296
-1 
-1 
-1 
-1 

p 8.416742 0.49972534 27.107647 -0.0771799 0.06999114 -0.99455744
1 -30.679646 1.7692032 -40.571632 0.32186502 -0.032341648 -0.94623303
-1 
-1 
-1 
-1 

p 9.311951 0.017112732 27.441486 -0.07325424 0.06954833 -0.9948853
1 -29.850988 1.4744873 -40.50453 0.32377914 -0.033262983 -0.9455478
-1 
-1 
-1 
-1 

p 10.272066 -0.6907959 27.80672 -0.07144812 0.06574788 -0.995275
1 -29.016293 0.912941 -40.327545 0.32742512 -0.03502695 -0.9442277
-1 
-1 
-1 
-1 

p 10.968328 -1.2649231 28.092646 -0.06923492 0.065898314 -0.99542147
1 -28.305796 0.3948288 -40.200363 0.33364066 -0.03657712 -0.94199044
1 15.888641 0.06600952 -36.49343 0.37558427 0.0067254864 -0.92676383
-1 
-1 
-1 

p 11.492456 -1.7621765 28.368412 -0.06924561 0.065174654 -0.9954684
1 -27.780962 -0.1313324 -40.0422 0.33384112 -0.036172215 -0.94193506
1 15.750317 0.06362152 -37.899834 0.26581508 0.0025592877 -0.96402067
-1 
-1 
-1 

p 11.821102 -2.089714 28.480265 -0.067984365 0.06469657 -0.9955865
1 -27.324701 -0.5521469 -39.962257 0.3340971 -0.03385318 -0.94193053
-1 
-1 
-1 
-1 

p 12.042816 -2.3319626 28.591942 -0.06814517 0.06340624 -0.9956585
1 -26.89207 -0.84960175 -39.96089 0.33466163 -0.03338886 -0.94174665
-1 
-1 
-1 
-1 

p 12.175316 -2.4957962 28.637762 -0.06753047 0.06296651 -0.9957283
1 -26.553606 -1.1094437 -39.95417 0.33098185 -0.026322413 -0.9432699
-1 
-1 
-1 
-1 

p 12.232571 -2.6057358 28.65861 -0.06634323 0.06370911 -0.99576086
1 -26.356844 -1.3390427 -39.86846 0.33013025 -0.02550663 -0.9435907
1 15.59417 0.009338379 -38.89862 0.2343911 0.047755614 -0.9709687
-1 
-1 
-1 

p 12.27317 -2.6905823 28.724045 -0.06695839 0.06341553 -0.99573845
1 -26.205673 -1.5087128 -39.788315 0.33290946 -0.024341624 -0.94264454
-1 
-1 
-1 
-1 

p 12.288441 -2.7446823 28.718178 -0.06652353 0.06314205 -0.99578494
1 -26.09038 -1.6487122 -39.737457 0.33591756 -0.025098985 -0.94155693
-1 
-1 
-1 
-1 

p 12.294186 -2.7844238 28.719738 -0.0657904 0.06288611 -0.99584985
1 -25.931551 -1.7924728 -39.781456 0.33882415 -0.02846918 -0.9404189
1 15.754372 -0.15287781 -39.311424 0.1722617 0.0022172525 -0.9850487
-1 
-1 
-1 

p 12.301735 -2.8147507 28.758583 -0.06573814 0.062708266 -0.9958645
1 -25.861383 -1.8437653 -39.801193 0.3399858 -0.028762612 -0.93999064
1 14.328239 0.06581879 -39.372093 0.39439642 -0.03031166 -0.91844034
-1 
-1 
-1 

p 12.274494 -2.8224258 28.74042 -0.06481472 0.060883168 -0.9960383
1 -25.803175 -1.8575821 -39.842392 0.3474497 -0.03311901 -0.9371136
-1 
-1 
-1 
-1 

p 12.1780205 -2.7783737 28.707918 -0.06505619 0.058913 -0.996141
1 -25.834446 -1.8822403 -39.87297 0.35098615 -0.035811856 -0.9356956
-1 
-1 
-1 
-1 

p 12.078114 -2.7163544 28.696707 -0.06348394 0.060819346 -0.9961279
1 -25.89972 -1.8460159 -39.91678 0.35242617 -0.035944737 -0.9351491
-1 
-1 
-1 
-1 

p 11.877834 -2.5655441 28.642506 -0.062973164 0.06043254 -0.9961839
1 -26.072554 -1.8162613 -39.945564 0.35717678 -0.03750639 -0.93328345
-1 
-1 
-1 
-1 

p 11.709732 -2.4154587 28.60495 -0.06357498 0.059422754 -0.9962064
1 -26.119877 -1.7933502 -40.07885 0.3624403 -0.04230664 -0.9310463
-1 
-1 
-1 
-1 

p 11.573454 -2.2382507 28.526314 -0.063335545 0.058281846 -0.996289
1 -26.170517 -1.6499557 -40.19715 0.36308905 -0.042862196 -0.9307681
-1 
-1 
-1 
-1 

p 11.467024 -2.0702667 28.466331 -0.06330303 0.05826638 -0.996292
1 -26.252235 -1.5375061 -40.248245 0.3642206 -0.040899836 -0.9304142
-1 
-1 
-1 
-1 

