p 0.0 0.0 0.0 -0.15261745 0.16905467 -0.9737189
1 -55.834328 115.62788 53.796646 -0.79726446 0.092593715 -0.59648615
1 -10.353674 130.86421 -66.83803 -0.17278251 -0.046103388 -0.9838804
1 33.315105 141.008 -85.44709 0.036906168 0.030640703 -0.99884886
1 61.057816 130.04788 -77.54876 0.058032434 -0.05437495 -0.9968328
1 95.99519 117.827774 -39.754883 0.2448424 -0.16879617 -0.95475656

p 2.3067493 -6.806488 -16.06467 -0.10972517 0.16672212 -0.9798796
1 -85.81373 -1.2803116 35.25932 -0.79639775 0.093162924 -0.59755445
1 -35.20026 10.63044 -92.312836 -0.15831332 -0.03084954 -0.9869069
1 8.04022 19.990631 -104.5253 0.051457413 0.03209238 -0.9981594
1 36.710106 7.7693405 -99.48952 0.07895772 -0.05031611 -0.9956073
1 70.556496 -2.1425323 -55.970142 0.26834115 -0.17008728 -0.9481895

p 3.2721424 -8.473694 -23.770927 -0.080204755 0.1621596 -0.9834996
1 -86.39958 -4.509369 19.25772 -0.79604435 0.092162184 -0.5981802
1 -32.469734 5.698929 -109.20471 -0.14764766 -0.020058393 -0.9888366
1 10.627172 13.8916855 -117.35394 0.06225254 0.028667621 -0.99764866
1 39.395935 1.6208191 -113.57636 0.094144985 -0.04983443 -0.99431044
1 73.294685 -6.9388657 -67.08321 0.28758454 -0.16925468 -0.94268125

p 2.9851055 -8.7519455 -32.00186 -0.05280376 0.14801478 -0.9875745
1 -87.07729 -6.6365433 2.0186484 -0.7952907 0.087711774 -0.5998494
1 -32.41344 0.8307724 -121.787796 -0.14210989 -0.02175334 -0.9896118
1 11.219664 7.677696 -128.13982 0.0683548 0.012872934 -0.997578
1 39.31205 -4.059143 -124.93078 0.10345208 -0.062621325 -0.9926612
1 74.36543 -10.592255 -77.942184 0.30182582 -0.17219718 -0.9376829

p 2.810606 -8.969269 -34.256832 -0.029846057 0.13268287 -0.99070907
1 -87.66532 -7.858124 -11.27331 -0.79442436 0.08947533 -0.6007363
1 -32.246124 -2.7397385 -127.141945 -0.13717222 -0.027183268 -0.9901742
-1 
1 39.21781 -8.582039 -129.74559 0.109255195 -0.081196494 -0.9906919
1 75.09484 -13.611 -85.053444 0.31099153 -0.17841569 -0.93351597

p 2.7466412 -9.216995 -35.535618 -0.008853527 0.11779942 -0.99299794
1 -88.272675 -8.368439 -19.299541 -0.7929968 0.09116261 -0.6023665
1 -31.976648 -4.964836 -129.71468 -0.13280316 -0.033134338 -0.9905884
1 11.810202 2.0297394 -134.18938 0.0735212 -0.011235183 -0.99723035
1 39.254555 -11.591133 -131.98013 0.114060074 -0.10089739 -0.988337
1 75.465416 -15.979759 -89.36518 0.3178362 -0.1875139 -0.92941844

p 2.6015453 -9.469002 -36.08241 0.002708814 0.10889663 -0.9940494
1 -89.00774 -8.74791 -23.87542 -0.79164636 0.092311606 -0.60396576
1 -31.933954 -6.537361 -131.01054 -0.12884709 -0.040347558 -0.99084336
1 12.172899 -1.7679672 -137.70305 0.078155436 -0.03338149 -0.9963822
1 39.100723 -13.736748 -133.9772 0.11750633 -0.118839 -0.98593587
1 75.58806 -17.74675 -92.27326 0.32316077 -0.1952521 -0.9259826

p 2.4463444 -9.631699 -36.334793 0.014838099 0.1061515 -0.9942393
1 -89.40732 -9.203423 -26.587254 -0.7905326 0.09180617 -0.6054997
1 -32.013252 -7.5384216 -131.8463 -0.12611346 -0.047265805 -0.9908892
1 12.5503025 -4.4398193 -140.81062 0.08180233 -0.05198391 -0.99529195
1 38.829567 -15.017487 -135.00793 0.12001779 -0.13412264 -0.9836701
1 75.588646 -18.926437 -94.13272 0.32770494 -0.20147485 -0.92304784

p 2.2605877 -9.780449 -36.21149 0.023009581 0.102904916 -0.994425
1 -90.28733 -9.534782 -28.295723 -0.7896699 0.090674855 -0.6067945
1 -32.208473 -8.313591 -132.1557 -0.12369544 -0.053564202 -0.9908735
-1 
1 38.46885 -16.044266 -135.61543 0.121113285 -0.14790651 -0.98155755
1 75.75888 -19.958084 -96.02845 0.332332 -0.20535497 -0.920535

p 2.053753 -9.914566 -36.302227 0.029280033 0.09929903 -0.99462676
1 -90.70829 -9.970085 -29.538374 -0.7889938 0.08925269 -0.6078839
1 -32.504307 -8.971855 -132.42662 -0.12190937 -0.059222274 -0.99077284
1 12.454912 -6.5 -142.42142 0.08856082 -0.08141474 -0.99273795
1 38.030624 -16.77211 -135.9029 0.12228969 -0.15950973 -0.9795927
1 75.5121 -20.58075 -96.883865 0.33526507 -0.21025418 -0.918363

p 1.7310352 -10.103867 -36.29205 0.032280125 0.097551934 -0.9947068
1 -91.17847 -10.4878235 -30.349503 -0.7881028 0.0881591 -0.60919774
1 -32.970978 -9.70974 -132.23082 -0.12058192 -0.066036806 -0.9905045
-1 
1 37.35012 -17.479233 -136.37099 0.12276542 -0.16943929 -0.9778645
1 75.18501 -21.016075 -97.64605 0.33759248 -0.21447565 -0.91653234

p 1.270258 -10.368515 -36.128902 0.034891635 0.097069986 -0.99466574
1 -91.589745 -11.203285 -30.873722 -0.78785646 0.08533387 -0.6099183
1 -33.81949 -10.662827 -131.73679 -0.11944685 -0.073731646 -0.990099
1 11.913347 -8.33593 -143.98555 0.07413868 -0.16323593 -0.9837975
1 36.461533 -17.951736 -136.50381 0.12298001 -0.17834568 -0.9762524
1 74.71177 -21.320457 -98.370705 0.34062517 -0.21615204 -0.91501516

p 0.32318687 -11.189674 -35.721745 0.03691717 0.097771004 -0.994524
1 -92.295494 -12.17186 -31.141787 -0.7879364 0.081833504 -0.6102946
1 -35.35669 -12.39254 -131.41904 -0.118512295 -0.08138453 -0.98961174
1 10.817141 -10.354805 -143.97733 0.076191686 -0.17627242 -0.9813882
1 34.971397 -19.371834 -136.52519 0.12212468 -0.18842214 -0.9744653
1 73.71338 -22.15763 -98.82219 0.34301633 -0.21812423 -0.9136529

p -1.0946445 -11.916222 -35.228745 0.03949037 0.098800555 -0.9943234
1 -93.20671 -13.03614 -31.308567 -0.7878606 0.07965889 -0.61068004
1 -37.33687 -13.758438 -131.16753 -0.11813478 -0.08759287 -0.98912674
1 9.531408 -12.702965 -145.36311 0.06491154 -0.29318035 -0.95385104
1 33.459694 -20.354454 -136.76341 0.12161421 -0.19674616 -0.9728828
1 72.43423 -22.603767 -99.28858 0.34536478 -0.21933657 -0.9124772

p -2.3647385 -12.287399 -35.104027 0.04171993 0.098170355 -0.99429476
1 -94.085686 -13.642105 -31.420593 -0.7873162 0.07876013 -0.6114982
1 -38.94809 -14.510353 -130.76842 -0.11799973 -0.0941696 -0.9885384
1 8.058054 -14.094688 -145.13599 0.067479074 -0.28714144 -0.9555084
1 32.135307 -20.784943 -136.54675 0.12077445 -0.20472482 -0.97133994
1 71.28651 -22.879066 -99.646614 0.3469721 -0.22167589 -0.9113014

p -3.5655441 -12.150764 -34.954403 0.04149295 0.09587983 -0.9945277
1 -94.97831 -13.856117 -31.52458 -0.78667694 0.07941186 -0.61223614
1 -40.53844 -14.233498 -130.5499 -0.11851464 -0.0994809 -0.9879564
1 6.5912685 -14.667191 -145.10689 0.06975439 -0.28093788 -0.95718765
1 30.839472 -20.694061 -136.5068 0.12036181 -0.2106362 -0.9701265
1 70.411896 -22.728271 -100.40323 0.34906226 -0.22208618 -0.9104028

p -4.555523 -11.858696 -34.98988 0.043993667 0.095103204 -0.9944948
1 -96.15205 -13.899338 -31.6053 -0.78563714 0.07980053 -0.61351943
1 -41.76697 -13.937866 -130.70512 -0.118964754 -0.10371187 -0.98746705
1 5.4403477 -15.093918 -145.4897 0.07168108 -0.27749398 -0.95804954
1 29.733019 -20.421616 -136.53151 0.12005071 -0.21521392 -0.96915984
1 69.46502 -22.318413 -100.55513 0.35099614 -0.22181076 -0.90972614

p -5.441799 -11.344322 -35.010983 0.04672895 0.094729275 -0.99440575
1 -97.33297 -13.764786 -31.664667 -0.78536606 0.08077994 -0.61373836
1 -43.024574 -13.209778 -131.31633 -0.11953913 -0.10587534 -0.9871681
1 4.13505 -14.880394 -145.52345 0.07363429 -0.27269793 -0.95927775
1 28.439695 -19.691513 -136.7547 0.11977512 -0.21951488 -0.9682289
1 68.61928 -21.68785 -100.89964 0.352857 -0.22125494 -0.9091415

p -6.2201424 -10.840286 -35.017532 0.047959093 0.095666386 -0.99425745
1 -98.07856 -13.623566 -31.721052 -0.7849874 0.0799659 -0.61432916
1 -43.93148 -12.403313 -130.99895 -0.12020727 -0.109728955 -0.98666596
1 2.9441433 -14.501503 -145.55498 0.075325504 -0.26859683 -0.96030295
1 27.293692 -19.055275 -136.87923 0.119096786 -0.22360387 -0.9673765
1 67.764626 -20.972534 -100.969124 0.35430285 -0.22067942 -0.90871894

p -6.8764763 -10.350853 -34.915264 0.048859023 0.09608702 -0.99417305
1 -98.80797 -13.419678 -31.790861 -0.78455347 0.07998677 -0.61488044
1 -44.766342 -11.66465 -131.09167 -0.12083637 -0.111478664 -0.986393
1 1.8270645 -14.017853 -145.45732 0.076791406 -0.26571387 -0.96098864
1 26.26797 -18.27201 -136.83615 0.11848053 -0.22741623 -0.9665631
1 66.93048 -20.270012 -101.02699 0.35553658 -0.22106858 -0.90814227

p -7.465435 -9.888252 -34.989254 0.049513545 0.09699377 -0.99405265
1 -99.47735 -13.184853 -31.835917 -0.7843441 0.07898622 -0.6152768
1 -45.57519 -10.958862 -131.31581 -0.121571645 -0.112055086 -0.9862373
1 0.66261864 -13.419601 -145.77599 0.078081466 -0.26239306 -0.9617968
1 25.626326 -18.327347 -137.85916 0.11793092 -0.23076609 -0.96583605
1 66.21841 -19.55304 -101.30501 0.35674703 -0.22031553 -0.90785056

p -8.026428 -9.425598 -35.07532 0.049302112 0.097382315 -0.9940252
1 -100.46061 -12.87587 -31.889477 -0.78430134 0.07916484 -0.61530834
1 -46.36754 -10.103424 -131.4736 -0.12215384 -0.11278758 -0.98608184
1 -0.42053795 -12.774605 -145.95149 0.0794445 -0.25987554 -0.9623686
1 24.936392 -17.563286 -137.75183 0.11750813 -0.23243351 -0.9654877
1 65.470116 -18.857872 -101.54085 0.35781765 -0.21926858 -0.90768266

p -8.59441 -8.963829 -35.01218 0.049069 0.09801638 -0.9939743
1 -101.19725 -12.560791 -31.911732 -0.78383225 0.079882 -0.6158132
1 -47.185677 -9.327042 -131.57779 -0.12295668 -0.113056086 -0.9859513
1 -1.4290733 -12.028648 -146.01279 0.08027614 -0.25697294 -0.96307874
1 24.268915 -16.849907 -137.70966 0.11707665 -0.23386666 -0.965194
1 64.80383 -18.099602 -101.88036 0.35926187 -0.21780989 -0.9074634

p -9.129293 -8.480461 -34.8993 0.049748603 0.097547136 -0.9939867
1 -101.85971 -12.231812 -31.91581 -0.78384256 0.08006713 -0.61577606
1 -47.94719 -8.596764 -131.42752 -0.123553455 -0.114128225 -0.9857532
1 -2.4137344 -11.171371 -145.81198 0.08100936 -0.25491402 -0.9635644
1 23.60504 -16.182396 -137.62808 0.116304584 -0.23586576 -0.9648008
1 64.016396 -17.32325 -101.92107 0.3595879 -0.21843682 -0.90718347

p -9.760546 -7.8474426 -34.964466 0.050338518 0.09901106 -0.99381226
1 -102.902 -11.739349 -31.87455 -0.7835028 0.08039824 -0.6161651
1 -48.9615 -7.718689 -131.32805 -0.12459124 -0.1153108 -0.9854849
1 -3.5606995 -10.302406 -146.06224 0.08122897 -0.25215685 -0.9642711
1 22.445784 -15.100594 -137.61546 0.11544294 -0.2372897 -0.9645551
1 63.073105 -16.470398 -101.99083 0.35971132 -0.21864322 -0.9070848

p -11.380276 -6.0637436 -35.114937 0.049299482 0.10447785 -0.99330455
1 -104.03855 -10.631134 -31.733034 -0.78316855 0.0799087 -0.61665356
1 -51.5401 -5.0007095 -131.31802 -0.12588248 -0.117206365 -0.9850971
1 -6.4784737 -8.033882 -146.58737 0.080024794 -0.25096038 -0.96468383
1 19.191683 -12.64035 -137.38216 0.11215553 -0.2412506 -0.96396023
1 60.74578 -14.727646 -102.33105 0.35721117 -0.22092201 -0.9075206

p -13.655903 -3.678543 -35.464973 0.046243533 0.11463117 -0.9923312
1 -105.149734 -9.511513 -31.743881 -0.78325737 0.0801244 -0.6165128
1 -54.19285 -2.4165497 -130.94725 -0.12653857 -0.124029875 -0.9841771
1 -10.052702 -5.9548492 -147.31705 0.07746175 -0.25518784 -0.9637836
1 15.177626 -10.621033 -137.24637 0.10647342 -0.24994917 -0.962387
1 57.41266 -13.244942 -102.81655 0.35138503 -0.22708787 -0.9082729

p -15.527391 -1.6214523 -35.73011 0.042594485 0.122055344 -0.9916089
1 -106.299835 -8.363968 -31.785635 -0.7834892 0.07911368 -0.6163487
1 -56.123505 -0.49637604 -130.7005 -0.12704696 -0.13219026 -0.98304874
1 -12.69187 -4.890587 -147.43329 0.07444825 -0.2633005 -0.96183693
1 12.041239 -9.415756 -137.08716 0.100237034 -0.2608424 -0.9601634
1 54.430664 -12.259941 -103.38961 0.344939 -0.23458207 -0.908839

p -16.816566 1.0411148 -36.115273 0.035332613 0.13548008 -0.99014986
1 -107.241844 -6.824005 -32.394245 -0.7844468 0.07684932 -0.61541647
1 -56.86505 1.759613 -131.37189 -0.12511383 -0.1453212 -0.9814419
1 -14.549308 -3.7147293 -147.34747 0.070483565 -0.28157014 -0.95694846
1 9.098188 -8.162132 -137.10829 0.09127734 -0.27912152 -0.95590776
1 51.04493 -11.226318 -104.41823 0.33336562 -0.2479709 -0.9096031

p -17.46488 3.4124298 -36.778088 0.0309953 0.14700562 -0.9886499
1 -107.83833 -5.2912445 -33.191254 -0.7856293 0.07130999 -0.61457425
1 -56.756428 4.04673 -131.66835 -0.1220863 -0.1567998 -0.9800555
1 -15.3765335 -2.4121857 -147.34258 0.06713981 -0.2987096 -0.9519794
1 7.43347 -6.6968613 -137.30424 0.082449496 -0.29758164 -0.95112944
1 48.449753 -9.978218 -105.37298 0.3212515 -0.26079524 -0.91037536

p -17.718904 5.2734528 -37.439434 0.027984096 0.15550616 -0.98743844
1 -108.4446 -3.7275238 -34.036793 -0.78669316 0.06884717 -0.6134932
1 -56.346962 6.195305 -131.94016 -0.11879353 -0.16542205 -0.97904223
1 -15.587805 -1.3145676 -148.45218 0.06756316 -0.32004347 -0.9449907
1 6.5276127 -5.1141663 -137.4369 0.07433369 -0.31408206 -0.94648135
1 46.714348 -8.61248 -106.18216 0.30986947 -0.2718978 -0.9110722

p -17.74157 6.7680435 -38.039047 0.025081117 0.16435184 -0.98608285
1 -108.71455 -2.269699 -34.85668 -0.7876857 0.06541749 -0.61259437
1 -55.767517 8.256676 -132.41426 -0.11552025 -0.17087777 -0.97849673
1 -15.431009 0.60089874 -148.66452 0.06502235 -0.32769653 -0.94254285
1 6.239275 -3.3331223 -137.81729 0.06679165 -0.32722276 -0.94258374
1 45.838707 -7.0287323 -106.968376 0.3000004 -0.27978796 -0.911986

p -17.526947 8.069168 -38.62223 0.024302334 0.17217548 -0.9847665
1 -108.94984 -0.88455963 -35.688633 -0.7887276 0.061699085 -0.6116388
1 -54.927895 10.756081 -132.98303 -0.112163335 -0.17413557 -0.9783129
1 -14.8657 2.8104553 -149.07944 0.06312508 -0.33142865 -0.9413662
1 6.5529537 -1.264267 -138.54391 0.060872268 -0.33375686 -0.9406917
1 45.78765 -5.2082443 -107.612045 0.29184133 -0.28510782 -0.9129853

p -17.026659 9.274948 -39.10991 0.023176806 0.17940585 -0.9835021
1 -108.99796 0.40747833 -36.557446 -0.7897504 0.05672391 -0.6108001
1 -53.723763 13.690506 -134.07027 -0.10878933 -0.1728638 -0.97891927
1 -13.760754 5.814926 -149.92235 0.062240016 -0.32863653 -0.94240344
1 7.553591 1.2329407 -139.1689 0.05661524 -0.3359073 -0.940192
1 46.681107 -3.041977 -108.048 0.28663653 -0.28636172 -0.9142409

p -16.2635 10.467247 -39.56658 0.024374645 0.188304 -0.98180825
1 -108.88248 1.8485489 -37.517914 -0.7906187 0.054788325 -0.6098527
1 -52.012856 16.981583 -135.26834 -0.10495324 -0.16622072 -0.98048735
1 -11.9738865 8.971535 -150.91107 0.0629551 -0.32153425 -0.9448028
1 9.704767 4.2116165 -140.1187 0.05614289 -0.33066976 -0.9420751
1 48.592087 -0.6561661 -108.27676 0.28524062 -0.28387868 -0.9154511

p -14.480804 12.248665 -40.488625 0.039138515 0.20431967 -0.9781215
1 -108.3367 4.476242 -39.102303 -0.79093677 0.056037202 -0.6093266
1 -46.779747 23.52707 -137.84192 -0.09624461 -0.14488377 -0.98475665
1 -6.0208664 14.196411 -152.88734 0.07151366 -0.30256844 -0.950441
1 17.054483 7.738228 -140.92096 0.06739866 -0.32138786 -0.94454604
1 53.84607 1.6102982 -107.58671 0.2940802 -0.27892855 -0.91417485

p -12.313215 14.031059 -40.98213 0.06555606 0.21571091 -0.9742542
1 -107.54014 8.343964 -41.00514 -0.7899893 0.062247984 -0.60995257
1 -40.898575 30.554794 -140.69817 -0.08524663 -0.11721845 -0.9894407
1 1.1605244 18.200562 -154.37642 0.08406491 -0.28388596 -0.95516586
1 25.346308 10.132843 -142.18019 0.08387741 -0.3073485 -0.9478932
1 59.1681 2.1216888 -106.93357 0.306337 -0.27482727 -0.91138774

p -7.149372 16.511475 -44.378307 0.1276434 0.22078866 -0.9669331
-1 
1 -26.94677 38.466446 -146.75902 -0.055058498 -0.08887633 -0.99451977
1 14.150354 20.10382 -157.83769 0.11162396 -0.26857686 -0.9567688
1 36.338516 8.03318 -144.39235 0.10692428 -0.30369806 -0.9467495
1 64.73968 -2.8763428 -107.10143 0.31755847 -0.27986932 -0.90599656

p -2.871849 18.081223 -48.844315 0.19071695 0.21427318 -0.9579739
1 -101.85447 15.110031 -46.034916 -0.78174835 0.076144 -0.61892784
1 -12.145021 43.471603 -152.4032 -0.019231886 -0.06912089 -0.9974229
1 25.869265 20.026382 -160.74127 0.14173749 -0.26253697 -0.95445526
1 44.30345 5.465645 -146.74094 0.12631436 -0.30779785 -0.94302976
1 68.20512 -7.1607895 -107.769745 0.3309936 -0.29105404 -0.8976251

p -3.6876125 17.725784 -56.00433 0.23624046 0.16157846 -0.9581664
1 -97.737495 20.724716 -53.408543 -0.77219355 0.08372596 -0.6298469
1 -9.207785 40.992035 -158.22763 0.012482185 -0.06458174 -0.9978343
-1 
-1 
1 68.20806 -12.133514 -111.426384 0.33144817 -0.3240221 -0.8860879

p -9.495012 18.672348 -60.25512 0.24272321 0.09807293 -0.96512544
1 -96.15342 26.740128 -61.762825 -0.7631623 0.09434684 -0.63928235
1 -13.786591 39.085693 -165.5837 0.03108771 -0.07790974 -0.9964756
-1 
-1 
1 63.26374 -15.687325 -116.5116 0.32391417 -0.35747233 -0.8759527

p -19.985128 21.884354 -67.371826 0.211592 0.07326864 -0.9746079
1 -98.94861 34.0598 -69.30843 -0.757219 0.11058383 -0.6437318
1 -18.68574 31.521103 -171.86432 0.026049146 -0.14237204 -0.98947036
-1 
-1 
1 53.047516 -15.626518 -122.77312 0.30958262 -0.37016216 -0.87586445

p -28.33688 24.716812 -71.59182 0.17739141 0.06692374 -0.98186225
-1 
1 -25.226322 26.79744 -176.03207 0.016284598 -0.20969483 -0.9776313
-1 
-1 
1 42.991844 -14.796471 -128.0572 0.29245678 -0.38143426 -0.8769133

p -35.241657 27.319183 -73.655846 0.1443437 0.06659614 -0.98728406
-1 
1 -32.18001 23.857895 -179.42732 0.0010750662 -0.25522906 -0.96688
-1 
-1 
1 31.990911 -13.242691 -132.52235 0.27265862 -0.39083254 -0.8791514

p -40.700535 29.927109 -73.22232 0.107551254 0.06018827 -0.99237597
1 -105.07191 39.864777 -72.52978 -0.75456744 0.12566927 -0.644077
1 -39.466305 22.666702 -180.22697 -0.01726582 -0.29539478 -0.95521927
-1 
-1 
1 20.615168 -11.357025 -136.05188 0.24872051 -0.40243524 -0.88101304

p -44.82898 32.62834 -71.788185 0.06116673 0.04271864 -0.997213
1 -111.529724 44.25949 -73.749176 -0.75297105 0.1293581 -0.64521396
1 -47.115303 21.906097 -179.81395 -0.039910916 -0.3308804 -0.94282836
1 -85.75619 45.78308 -173.60773 -0.16560712 -0.24012789 -0.9565108
1 -38.08123 9.274185 -176.43103 -0.16579537 -0.49276355 -0.8542225
1 8.706507 -9.342682 -138.8481 0.21857221 -0.41522685 -0.8830701

p -48.540604 35.40143 -69.466805 0.010222477 0.025530636 -0.99962175
1 -117.02123 47.086456 -73.456116 -0.7500062 0.103746146 -0.6532438
1 -54.894844 21.210266 -178.04858 -0.06418297 -0.37029424 -0.9266945
1 -92.33568 46.280075 -169.9038 -0.19564493 -0.24971722 -0.9483482
1 -44.38935 9.285728 -173.52501 -0.19522974 -0.5060873 -0.8400958
1 -3.7201195 -7.1480865 -140.30536 0.17800094 -0.43253303 -0.8838726

p -52.72995 41.218094 -62.233967 -0.07661728 0.004294286 -0.99705136
1 -122.586044 48.97151 -70.087875 -0.75301474 0.107824415 -0.6491091
1 -65.285645 18.978302 -169.59375 -0.11512501 -0.42079127 -0.8998227
1 -101.143105 45.746292 -160.5782 -0.23489659 -0.2980463 -0.9251984
1 -54.39528 8.018318 -166.00243 -0.2039633 -0.5387173 -0.81742436
1 -20.402964 -4.70121 -136.91327 0.10761795 -0.47041947 -0.8758561

p -47.348705 47.26523 -37.799282 -0.13624077 0.09334979 -0.98626786
1 -123.239685 49.240906 -65.19725 -0.75283295 0.09540856 -0.65126014
-1 
-1 
-1 
1 -43.694244 4.2208405 -117.35883 -0.058600295 -0.47636348 -0.87729347

p -36.33562 50.17836 -15.354968 -0.17037806 0.13050923 -0.97669786
1 -119.6252 49.516327 -61.701996 -0.7430745 0.08240068 -0.66411626
-1 
-1 
-1 
-1 

p -24.44687 51.61725 -6.408387 -0.19003692 0.15700422 -0.9691417
-1 
1 -73.770775 33.813995 -91.7558 -0.1649844 -0.43505898 -0.8851575
-1 
-1 
-1 

p -13.507599 51.4458 -2.2657006 -0.19945484 0.1762544 -0.96392536
1 -109.38548 51.80287 -61.083015 -0.7224455 0.079032496 -0.6868962
-1 
-1 
-1 
-1 

p -4.6606636 49.51625 0.60625005 -0.2048879 0.19049126 -0.9600698
-1 
1 -63.293167 43.378983 -74.31777 -0.18733801 -0.20394076 -0.9608916
-1 
-1 
-1 

p -0.07853317 47.82419 1.0341756 -0.21254086 0.19549726 -0.95739603
-1 
1 -56.601295 48.417984 -67.725845 -0.19943672 -0.001397873 -0.9799097
-1 
-1 
-1 

p 2.4309177 46.55429 1.9965198 -0.21711622 0.19522949 -0.9564235
-1 
1 -53.082092 50.710663 -65.828964 -0.20435086 0.16242062 -0.9653291
-1 
-1 
-1 

p 4.02273 43.102585 4.365138 -0.2203595 0.18760754 -0.9572069
1 -91.308846 51.374725 -61.8118 -0.6874301 0.12051463 -0.71618164
-1 
-1 
-1 
-1 

p 2.5326595 39.512314 6.888694 -0.22518137 0.17378747 -0.9586925
1 -69.37918 49.017075 -62.57994 -0.63712835 0.26735008 -0.7229048
-1 
-1 
-1 
-1 

p 0.30545998 37.44574 8.229273 -0.22818556 0.1608724 -0.96023506
1 -59.54828 47.421906 -63.203365 -0.5629973 0.32849646 -0.7583694
-1 
-1 
-1 
-1 

p -1.1412201 36.425537 8.853681 -0.23115434 0.15764658 -0.96006
1 -57.935158 46.606888 -63.758884 -0.5047062 0.3636866 -0.7829455
-1 
-1 
-1 
-1 

p -2.0438366 35.875565 9.854483 -0.2346208 0.15371925 -0.959856
1 -57.624123 46.86812 -63.70727 -0.4464036 0.42340517 -0.7883222
-1 
-1 
-1 
-1 

p -2.684082 35.671783 10.269797 -0.23836276 0.14955683 -0.95959157
1 -57.359154 46.88669 -63.83778 -0.40218034 0.44846937 -0.79820186
-1 
-1 
-1 
-1 

p -3.0600433 35.60202 10.517922 -0.24194606 0.1480246 -0.9589321
1 -57.080017 46.869507 -63.891468 -0.37150598 0.4600589 -0.80642986
-1 
-1 
-1 
-1 

p -3.3130417 35.57608 10.690268 -0.24339513 0.14452933 -0.9590986
1 -57.165382 46.69545 -63.872364 -0.3467106 0.44983318 -0.82306856
-1 
-1 
-1 
-1 

p -3.4897861 35.56566 10.762913 -0.24332936 0.14571784 -0.95893544
1 -57.296917 46.51367 -63.902565 -0.33236796 0.44894108 -0.8294477
-1 
-1 
-1 
-1 

p -3.603178 35.54709 10.864931 -0.24486592 0.14427345 -0.95876265
1 -57.08412 46.491333 -63.91778 -0.31702662 0.4629115 -0.8277724
-1 
-1 
-1 
-1 

p -3.677208 35.53685 10.953806 -0.24316844 0.14360128 -0.95929545
1 -57.06745 46.490295 -63.9425 -0.3094447 0.44148776 -0.8422188
-1 
-1 
-1 
-1 

p -3.7401848 35.535706 10.981868 -0.24468079 0.14336294 -0.95894647
1 -57.07775 46.436478 -63.931854 -0.30042672 0.43827006 -0.84715
-1 
-1 
-1 
-1 

p -3.7514477 35.511124 11.063443 -0.2447503 0.14308779 -0.95896983
1 -57.224907 46.481552 -63.700806 -0.28561744 0.44885367 -0.8467308
-1 
-1 
-1 
-1 

p -3.7313557 35.47052 11.17823 -0.24536765 0.14376608 -0.9587106
1 -57.250034 46.622955 -63.447155 -0.27330837 0.4779407 -0.8347905
-1 
-1 
-1 
-1 

p -3.69775 35.4384 11.279888 -0.24603145 0.14414187 -0.95848405
1 -57.133514 46.418503 -63.393673 -0.27240163 0.46940872 -0.83991235
-1 
-1 
-1 
-1 

p -3.5569267 35.29988 11.368607 -0.24685857 0.14456731 -0.95820725
1 -56.90696 46.222504 -63.19386 -0.2676002 0.45902792 -0.847162
-1 
-1 
-1 
-1 

p -3.2085 34.78795 11.606091 -0.24676885 0.14188702 -0.9586309
1 -56.373985 45.59163 -63.017143 -0.26453286 0.44854563 -0.85371494
-1 
-1 
-1 
-1 

p -2.8083725 34.266052 11.806677 -0.24665764 0.13897845 -0.9590855
1 -55.98664 44.91002 -62.737507 -0.26147294 0.45055974 -0.853597
-1 
-1 
-1 
-1 

p -2.5154572 33.89438 11.881474 -0.24718544 0.137848 -0.95911276
1 -55.63688 44.376297 -62.570946 -0.26057923 0.4447556 -0.8569078
-1 
-1 
-1 
-1 

p -2.2570877 33.623047 11.994953 -0.24704376 0.13553827 -0.9594784
1 -55.607353 43.750687 -62.43785 -0.25855157 0.44257066 -0.85865146
-1 
-1 
-1 
-1 

p -2.0728168 33.4693 12.0292845 -0.24666998 0.13243587 -0.9600076
1 -55.213818 43.455658 -62.309666 -0.25589532 0.4484706 -0.8563829
-1 
-1 
-1 
-1 

p -1.9128323 33.349808 12.097332 -0.2467155 0.13273537 -0.95995456
1 -55.018906 43.175766 -62.236515 -0.2525054 0.44815013 -0.8575561
-1 
-1 
-1 
-1 

p -1.7373428 33.25409 12.171237 -0.24702033 0.1308919 -0.9601293
1 -54.5778 42.993317 -62.146553 -0.25015616 0.43679652 -0.8640779
-1 
-1 
-1 
-1 

p -1.5862465 33.19165 12.209027 -0.24653761 0.13080701 -0.9602649
-1 
-1 
-1 
-1 
-1 

p -1.4371738 33.14749 12.253584 -0.24632436 0.13038927 -0.96037644
-1 
-1 
-1 
-1 
-1 

p -1.0866642 33.122284 12.2743225 -0.24530044 0.13021538 -0.96066207
-1 
-1 
-1 
-1 
-1 

p -0.7982273 33.118164 12.198665 -0.24602294 0.1250788 -0.9611597
-1 
-1 
-1 
-1 
-1 

p -0.4682541 32.91928 12.13592 -0.2470095 0.12375273 -0.96107835
-1 
-1 
-1 
-1 
-1 

p -0.2312336 32.77794 11.937807 -0.24741682 0.12144963 -0.96126735
-1 
-1 
-1 
-1 
-1 

p -0.014913559 32.592255 11.767513 -0.24657165 0.11741896 -0.96198505
-1 
-1 
-1 
-1 
-1 

p 0.29272652 32.35582 12.088246 -0.2467096 0.11571377 -0.9621563
-1 
-1 
-1 
-1 
-1 

p 0.53339386 32.15274 12.3640995 -0.24501322 0.11497423 -0.96267825
-1 
-1 
-1 
-1 
-1 

p 0.7075653 31.997314 12.543666 -0.24385147 0.11469749 -0.9630062
-1 
-1 
-1 
-1 
-1 

p 0.7773857 31.925934 12.484172 -0.24404432 0.11319248 -0.9631354
-1 
-1 
-1 
-1 
-1 

p 0.7278938 31.94075 12.022295 -0.24407893 0.11256463 -0.9632002
-1 
-1 
-1 
-1 
-1 

p 0.71650124 31.773376 11.454934 -0.24547032 0.11007413 -0.96313447
-1 
-1 
-1 
-1 
-1 

p 0.63959503 31.549347 11.172851 -0.24476233 0.10751977 -0.9636031
-1 
-1 
-1 
-1 
-1 

p 0.41264534 31.150818 10.669818 -0.24580167 0.10631451 -0.96347225
-1 
-1 
-1 
-1 
-1 

p 0.20417786 30.8199 10.259598 -0.2469633 0.10730483 -0.9630653
-1 
-1 
-1 
-1 
-1 

p 0.05092621 30.567078 9.972522 -0.2461237 0.105630204 -0.9634653
-1 
-1 
-1 
-1 
-1 

p -0.09860802 30.413849 9.603777 -0.24556556 0.10446065 -0.9637352
-1 
-1 
-1 
-1 
-1 

p -0.25933647 30.350677 9.150731 -0.24477679 0.10567552 -0.9638034
-1 
-1 
-1 
-1 
-1 

p -0.36452866 30.307419 8.859237 -0.24337399 0.10639646 -0.9640793
-1 
-1 
-1 
-1 
-1 

p -0.46440697 30.306656 8.514381 -0.24353294 0.10719716 -0.96395046
-1 
-1 
-1 
-1 
-1 

p -0.5708828 30.349136 8.095181 -0.24497321 0.10564512 -0.96375686
-1 
-1 
-1 
-1 
-1 

p -0.67645836 30.402191 7.645154 -0.2474145 0.10559364 -0.96313864
-1 
-1 
-1 
-1 
-1 

p -0.8584213 30.552841 6.8503704 -0.24738413 0.1052011 -0.9631894
-1 
-1 
-1 
-1 
-1 

p -1.0492477 30.731537 6.0886946 -0.24819647 0.10706055 -0.96277547
-1 
-1 
-1 
-1 
-1 

p -1.1337051 30.619919 5.55464 -0.2479068 0.10458485 -0.9631221
-1 
-1 
-1 
-1 
-1 

p -1.1810398 30.444077 5.086693 -0.24646488 0.10283489 -0.96368045
-1 
-1 
-1 
-1 
-1 

p -1.2047062 30.249939 4.511586 -0.24351269 0.10214102 -0.9645044
-1 
-1 
-1 
-1 
-1 

p -0.99499893 29.973282 3.9680707 -0.24162902 0.10314269 -0.9648715
-1 
-1 
-1 
-1 
-1 

