p 0.0 0.0 0.0 0.10295723 0.07997172 -0.99146575
1 -60.053375 139.78183 -72.99134 -0.3956298 -0.09437174 -0.9135486
1 4.858597 144.804 -135.06245 -0.019030645 -0.15670384 -0.9874623
1 43.503593 144.98157 -148.93008 0.22778966 -0.20724921 -0.9513988
1 68.83204 143.66406 -134.94023 0.3124927 -0.16891931 -0.9347805
1 96.37579 129.80559 -90.77765 0.47075507 -0.33796513 -0.8149658

p -1.5727968 -2.0926056 -1.6656837 0.12349039 0.087461084 -0.988484
1 -80.38771 -2.7549286 -28.330814 -0.5214409 -0.023095492 -0.8529748
1 -13.050595 1.5300903 -98.4561 -0.009373829 -0.056069456 -0.99838287
1 28.584011 1.9601135 -109.7928 0.22665745 -0.092899345 -0.969534
1 54.578747 -0.86302185 -94.740326 0.31174174 -0.11646439 -0.94300216
1 83.50341 -14.864029 -49.873463 0.48444855 -0.30182967 -0.82110196

p -2.482771 -3.007965 -2.47546 0.13830388 0.09370135 -0.9859473
1 -85.65624 -1.1873322 -26.304218 -0.5927025 0.019733455 -0.80517966
1 -16.396011 2.597641 -101.8304 -0.0050910446 -0.005787862 -0.9999703
1 26.636086 3.2511902 -111.620056 0.22472912 -0.028504932 -0.97400427
1 53.207516 -0.5765686 -96.019684 0.3107731 -0.08311965 -0.94684273
1 83.224304 -14.617157 -50.794025 0.49457273 -0.27397582 -0.8248243

p -3.008253 -3.4234009 -2.6438065 0.14990705 0.0966364 -0.9839661
1 -89.271126 0.13743591 -24.735882 -0.63731 0.05486885 -0.7686516
1 -18.65982 3.364914 -103.08348 -0.002101226 0.022325663 -0.9997485
1 25.088787 4.2893066 -112.59711 0.22276686 0.009878522 -0.9748217
1 52.23663 -0.085357666 -97.068054 0.30983382 -0.055377014 -0.94917667
1 82.99541 -14.324509 -51.410107 0.50099534 -0.25535777 -0.8269196

p -3.3379736 -3.5163422 -2.8343773 0.15867443 0.10106672 -0.98214453
1 -91.924904 1.2072449 -23.499363 -0.6680857 0.073727906 -0.74042267
1 -20.316341 4.106613 -104.295364 -9.174944E-4 0.043450203 -0.99905515
1 23.95002 5.313217 -113.61951 0.22124451 0.036112607 -0.97454953
1 51.42763 0.5386505 -97.55397 0.3088637 -0.038465682 -0.9503282
1 82.86833 -13.794754 -51.87013 0.5063406 -0.2401237 -0.8282269

p -3.5755787 -3.0561981 -2.736637 0.16475023 0.10470466 -0.9807621
1 -93.921745 2.1551208 -22.369213 -0.68854713 0.08578713 -0.7200996
1 -21.667475 4.8637695 -104.99359 -2.1058216E-4 0.054917518 -0.99849087
1 22.926529 6.629364 -114.15376 0.2202395 0.051112946 -0.9741058
1 50.77999 1.4839478 -98.189896 0.30773473 -0.027277911 -0.9510811
1 82.8142 -12.803543 -52.229206 0.5103164 -0.22664137 -0.8295848

p -3.78368 -2.5214233 -2.7444496 0.16837971 0.11096663 -0.9794563
1 -95.39118 2.939148 -21.454517 -0.7025822 0.10117207 -0.70437384
1 -22.91399 5.653366 -105.68663 3.3538084E-4 0.060039002 -0.99819595
1 22.277267 7.9785156 -114.9935 0.21982564 0.06085486 -0.97363925
1 50.226597 2.2881012 -98.55733 0.30641878 -0.022858124 -0.9516223
1 82.81564 -11.775223 -52.510006 0.5136884 -0.21677321 -0.8301407

p -3.9145527 -1.9945526 -2.8780174 0.17216417 0.11596851 -0.9782182
1 -96.594574 3.6022491 -20.655632 -0.71369857 0.10936459 -0.6918625
1 -23.912071 6.4552917 -106.02893 0.0011264132 0.06310743 -0.9980061
1 21.840809 9.0399475 -115.568634 0.21990389 0.062994875 -0.97348547
1 49.810696 3.1991577 -98.906815 0.30528417 -0.01923427 -0.952067
1 82.77341 -10.777832 -52.664135 0.5158469 -0.21029174 -0.83046937

p -3.9867506 -1.4178162 -2.9799042 0.17420033 0.120834954 -0.9772682
1 -97.55366 4.1961365 -19.983242 -0.7212901 0.118019626 -0.6825042
1 -24.685722 7.233841 -106.25743 0.001602432 0.0646801 -0.9979048
1 21.533512 10.141357 -115.99902 0.22013667 0.06479459 -0.9733147
1 49.41569 3.9493713 -98.990295 0.30410698 -0.019000031 -0.95244837
1 82.78708 -9.69931 -52.859608 0.5174682 -0.20375584 -0.8310898

p -4.013673 -0.8288727 -2.872799 0.17572242 0.12436094 -0.97655314
1 -98.41571 4.8432465 -19.43737 -0.72720045 0.12458185 -0.6750251
1 -25.258778 7.9257812 -106.18994 0.0020289028 0.064730145 -0.9979007
1 21.211452 10.984924 -115.94266 0.22026335 0.063372724 -0.9733797
1 49.11022 4.6687775 -99.03966 0.30297387 -0.020289782 -0.95278287
1 82.852516 -8.665741 -53.0161 0.5189775 -0.19801739 -0.8315356

p -3.9185877 0.07145691 -2.6940804 0.17767507 0.12769572 -0.9757691
1 -98.99857 5.4091797 -18.935223 -0.73271 0.12828724 -0.66834
1 -25.484112 8.694931 -106.20247 0.0032454014 0.06154937 -0.9980988
1 21.199917 11.635223 -115.656906 0.22126804 0.056387782 -0.9735815
1 49.129898 5.205597 -99.02649 0.3024654 -0.02582536 -0.9528104
1 82.99177 -7.709778 -52.89667 0.5197034 -0.1980307 -0.83107895

p -3.8466387 1.1576538 -2.7460442 0.18093105 0.13215701 -0.97457606
1 -99.32548 5.7516785 -18.53991 -0.7380231 0.12755787 -0.66260916
1 -25.676804 9.153732 -106.233536 0.0051268744 0.054821804 -0.998483
1 21.321526 11.816696 -115.7018 0.2231466 0.043101117 -0.97383153
1 48.84311 5.137558 -98.988205 0.30149916 -0.038208548 -0.95270056
1 82.996635 -6.8742676 -52.88471 0.5199359 -0.20053327 -0.8303331

p -3.927928 1.9369354 -2.8439941 0.18373163 0.13700768 -0.9733815
1 -99.83363 6.1026 -18.207169 -0.74218345 0.12747109 -0.6579627
1 -26.040546 9.262726 -106.07219 0.0068448987 0.04748642 -0.99884844
1 21.204403 11.5550995 -115.6915 0.22480166 0.02764622 -0.97401226
1 48.3884 4.883377 -99.043976 0.3003282 -0.049650423 -0.95254284
1 82.85887 -6.2330627 -52.927525 0.52008855 -0.202357 -0.8297949

p -4.0837 2.410019 -2.8914413 0.18521242 0.13822539 -0.97292864
1 -100.23714 6.2103424 -17.903046 -0.74633455 0.123443134 -0.6540233
1 -26.402649 9.247116 -106.48836 0.007905686 0.041559104 -0.9991048
1 20.894749 10.629868 -115.491196 0.22613846 0.0076957047 -0.97406477
1 47.703938 4.1894684 -99.01482 0.29839382 -0.064259775 -0.9522772
1 82.543686 -5.997177 -53.078915 0.5199031 -0.20519902 -0.82921296

p -3.8800335 2.6198425 -3.3629494 0.1898363 0.13741827 -0.9721514
1 -100.213455 6.1973114 -17.96405 -0.74979293 0.11741536 -0.6511714
1 -25.954836 9.18161 -106.68172 0.011120378 0.03305862 -0.99939156
1 21.464062 8.314026 -115.63454 0.2286195 -0.02292644 -0.97324586
1 47.69171 2.3618927 -98.8512 0.2963894 -0.08565867 -0.9512181
1 82.094894 -6.9303894 -53.22607 0.51826584 -0.21483232 -0.8277968

p -0.14586067 2.6362762 -4.8842964 0.21972932 0.13378027 -0.9663446
1 -98.17857 7.1757355 -19.991531 -0.7477623 0.119346514 -0.6531523
1 -20.308569 9.269791 -108.2901 0.025124846 0.02521939 -0.99936616
1 28.170197 4.62027 -115.35091 0.24079347 -0.063292086 -0.9685105
1 53.762363 -1.5226135 -97.34105 0.3041476 -0.119893506 -0.9450502
1 84.039246 -9.936462 -52.212955 0.5170318 -0.23592083 -0.82281196

p 3.9325056 2.5602264 -6.12862 0.24912433 0.12841547 -0.95992005
1 -95.77436 8.515121 -22.414143 -0.7443099 0.12272067 -0.6564621
1 -14.6099615 9.148926 -109.87349 0.040508907 0.01749188 -0.99902606
1 35.089333 1.2443848 -114.64607 0.2547076 -0.10311149 -0.9615051
1 60.057156 -5.076065 -95.78822 0.31400594 -0.1546121 -0.93674725
1 86.333755 -13.1792145 -50.971813 0.5154795 -0.2603653 -0.8163889

p 9.587268 2.1618652 -7.6055183 0.2874659 0.12046592 -0.9501849
1 -92.02112 10.386078 -25.658627 -0.738128 0.12849888 -0.6623104
1 -6.8274026 9.206406 -111.29927 0.061410684 0.0100135915 -0.9980624
1 44.741856 -2.2733917 -113.78238 0.27474484 -0.13850637 -0.951489
1 68.05653 -9.33139 -93.62904 0.32794532 -0.19239411 -0.924898
1 89.62694 -17.323616 -49.208157 0.51402885 -0.29072395 -0.807003

p 15.125781 1.6862183 -9.155678 0.3215115 0.11425591 -0.9399872
1 -87.85731 12.165695 -29.020634 -0.730421 0.136407 -0.66923714
1 0.9922304 9.001007 -112.53905 0.08328408 0.003414259 -0.99652
1 53.757336 -5.512207 -112.97313 0.29580036 -0.1671139 -0.9405185
1 75.339615 -13.16243 -91.7455 0.34154382 -0.22788545 -0.9118202
1 92.95457 -21.09491 -47.5473 0.5111028 -0.32261214 -0.79667765

p 22.511333 0.7046509 -11.046932 0.35669476 0.09899326 -0.92896134
1 -82.831406 13.905609 -33.276447 -0.72139376 0.14549363 -0.6770692
1 10.669019 8.935028 -114.19031 0.10831692 0.0029206455 -0.99411213
1 64.4083 -8.189621 -112.19241 0.32202068 -0.1832046 -0.9288373
1 84.41732 -16.84253 -90.46373 0.34140685 -0.29731348 -0.89165354
1 98.70213 -23.955154 -45.956806 0.51299584 -0.33640587 -0.7897255

p 28.363453 -0.15235901 -12.58218 0.38480714 0.088109754 -0.9187819
1 -77.90613 15.183716 -37.184856 -0.7121468 0.15519778 -0.68466085
1 21.349957 9.194168 -116.146805 0.13375759 0.006410807 -0.9909933
1 73.69703 -9.916565 -112.266815 0.3135953 -0.26279795 -0.9124666
1 91.84221 -19.208588 -89.42728 0.3501269 -0.3155886 -0.8819382
1 104.03929 -26.044449 -44.639194 0.5167187 -0.34580573 -0.78321147

p 32.64977 -1.102829 -14.930313 0.41251567 0.078336746 -0.90757596
1 -73.57851 16.247711 -41.39391 -0.7033719 0.16444655 -0.6915384
1 30.979465 10.57457 -118.750656 0.1578751 0.016334902 -0.987324
1 81.917496 -9.426285 -113.46826 0.34463185 -0.11839088 -0.93124247
1 98.32598 -19.903496 -89.168076 0.35153502 -0.35357213 -0.866839
1 108.78711 -28.01345 -43.901455 0.5215635 -0.3568388 -0.77500814

p 25.190552 -0.3784027 -13.01107 0.39648944 0.055759564 -0.91634434
1 -72.99347 18.17752 -44.73308 -0.6964204 0.18007362 -0.69467413
1 25.856407 15.521286 -122.96016 0.16531193 0.037973057 -0.98551005
1 77.594986 -3.7761688 -118.087036 0.35922512 -0.07338034 -0.93036157
1 96.77648 -15.960205 -94.03737 0.37118742 -0.3166666 -0.872893
1 108.53773 -27.663269 -47.386333 0.53448725 -0.35648993 -0.76631474

p 7.7361727 2.5701141 -17.535309 0.32171667 0.065846406 -0.9445436
1 -71.31874 20.123795 -58.84992 -0.67141056 0.18518718 -0.7175748
1 10.780988 18.497757 -129.74008 0.1538887 0.050844632 -0.98677915
1 57.808636 4.2457275 -123.54787 0.33803147 0.004243274 -0.9411252
1 89.03871 -11.443451 -94.99136 0.39328274 -0.273037 -0.8779405
-1 

p -10.687332 6.035034 -21.725353 0.23366843 0.021639911 -0.9720755
1 -73.528175 21.407013 -85.96756 -0.6441738 0.1852331 -0.742111
1 -17.934902 20.493652 -136.28337 0.12863307 0.05916751 -0.9899256
1 18.063362 13.103027 -130.38467 0.30148908 0.06279638 -0.95139945
1 76.59418 -7.9387817 -97.758514 0.4037194 -0.22355887 -0.88714826
-1 

p -24.954922 10.937775 -12.720264 0.14642107 -0.017885817 -0.98906064
1 -95.08326 19.490585 -108.4272 -0.6255101 0.16866033 -0.7617682
1 -59.976234 16.065506 -138.85963 0.07089051 0.047798477 -0.9963382
1 -35.30127 8.515015 -134.18285 0.2126515 0.0338633 -0.97654116
1 42.749195 -9.87114 -102.05679 0.37823433 -0.21641882 -0.9000565
-1 

p -33.218647 12.368469 -6.7070847 0.053780023 -0.03622929 -0.99789536
1 -114.75325 13.849747 -108.7001 -0.613002 0.13412653 -0.77861327
1 -80.36696 8.6175995 -135.58118 0.009725033 0.021782862 -0.99971545
1 -59.436234 0.154953 -133.63986 0.103887394 -0.020694876 -0.99437374
1 5.9718904 -14.474258 -104.84538 0.33558312 -0.22543292 -0.9146387
-1 

p -38.763973 12.425598 -3.3980637 -0.023513727 -0.05045021 -0.99844974
1 -123.53384 7.777405 -104.609604 -0.6060498 0.08902048 -0.79042965
1 -90.97926 1.5860443 -131.92966 -0.0499478 -0.0067806304 -0.9987288
1 -68.995026 -5.929138 -131.72238 0.002627889 -0.071829975 -0.99741346
1 -12.292989 -18.790688 -106.295 0.28943944 -0.23840211 -0.9270325
-1 

p -42.17196 12.226334 -0.70738983 -0.083030455 -0.05539808 -0.995006
1 -127.61291 1.8852386 -99.476074 -0.6041146 0.031143924 -0.79628867
1 -96.94241 -4.443222 -128.17046 -0.105686605 -0.03831794 -0.9936609
1 -73.797264 -9.958374 -129.586 -0.08604368 -0.11025972 -0.9901713
1 -20.822906 -22.099007 -106.95627 0.24079774 -0.25406408 -0.93673253
-1 

p -44.905804 11.661499 1.7779388 -0.1284817 -0.058493447 -0.98998535
1 -129.8231 -4.3306274 -93.65524 -0.6041056 -0.03938562 -0.7959304
1 -102.00082 -10.475601 -123.54318 -0.16236888 -0.078346625 -0.98361486
1 -77.59281 -13.106354 -127.27777 -0.15973294 -0.14777674 -0.9760366
1 -25.541658 -24.028084 -107.002014 0.18828121 -0.26759157 -0.9449576
1 -139.60648 32.927963 -12.17593 -0.7417464 0.28136185 -0.60880846

p -48.344933 10.625336 3.3153992 -0.16914973 -0.064571135 -0.9834729
1 -130.42986 -10.671692 -85.89899 -0.6031304 -0.12818341 -0.7872755
1 -106.286156 -16.242401 -118.383545 -0.21839757 -0.12155944 -0.96825916
1 -81.12573 -15.918381 -124.57118 -0.22364332 -0.18343742 -0.9572536
1 -29.650814 -25.17875 -106.62793 0.12859838 -0.2790143 -0.95163727
1 -141.06491 33.35086 -10.11808 -0.7500176 0.2545126 -0.6104891

p -50.773495 9.615692 5.0749016 -0.20371406 -0.06658377 -0.9767636
1 -130.60495 -16.906288 -77.02342 -0.5912872 -0.19199207 -0.7832742
1 -109.750175 -21.650337 -112.6039 -0.26837727 -0.17047721 -0.94810927
1 -84.478966 -18.610512 -121.16931 -0.2809044 -0.22129908 -0.93387336
1 -33.4335 -25.9684 -105.59204 0.06738301 -0.29289886 -0.9537661
-1 

p -54.348595 8.563217 5.016411 -0.24785858 -0.119574495 -0.9613886
1 -128.89958 -22.618195 -62.7151 -0.601369 -0.25425938 -0.7574348
1 -112.56744 -28.63395 -100.37836 -0.3135606 -0.24954222 -0.91619235
1 -89.15878 -23.88314 -113.24167 -0.31766462 -0.26548672 -0.91027796
1 -39.567657 -27.453133 -102.06288 -0.01586762 -0.32417873 -0.94586277
-1 

p -48.13224 9.471222 12.283545 -0.3282714 -0.1690595 -0.92933136
1 -114.43646 -25.556015 -28.249783 -0.72250414 -0.3408084 -0.6015292
1 -104.381454 -36.398506 -71.72795 -0.4093311 -0.24411063 -0.87912345
1 -87.105316 -32.792236 -90.20625 -0.39182907 -0.3260745 -0.86031705
1 -45.298714 -31.186073 -90.13928 -0.15047912 -0.42185536 -0.8940884
1 -141.09982 33.43158 -3.6094627 -0.7263632 0.35860917 -0.5863412

p -41.290268 7.1522827 18.64607 -0.37654713 -0.1663744 -0.9113352
1 -103.09187 -33.215202 -17.056824 -0.7676527 -0.4240569 -0.48050505
1 -88.91004 -43.531197 -51.065517 -0.4715382 -0.27251437 -0.8386821
-1 
1 -47.391624 -33.55538 -79.35538 -0.25593975 -0.50673115 -0.8232365
1 -139.85352 31.451248 -0.18764877 -0.7908611 0.31102967 -0.5270666

p -31.76558 5.5325775 24.92406 -0.3518884 -0.08777174 -0.9319177
-1 
-1 
-1 
-1 
1 -133.89499 27.296173 -2.9753113 -0.78595847 0.24810638 -0.5663149

p -23.717773 4.928955 29.48353 -0.3295727 -0.015423321 -0.94400424
-1 
-1 
-1 
-1 
1 -127.74545 24.451721 -6.0539665 -0.7654041 0.20015395 -0.611633

p -17.361612 5.771347 30.470673 -0.30528358 0.07857157 -0.9490145
-1 
-1 
-1 
-1 
1 -119.42565 22.75148 -10.159901 -0.7133476 0.16593917 -0.6808813

p -13.61585 5.4543304 35.381744 -0.27344465 0.13038938 -0.95300925
-1 
-1 
-1 
-1 
1 -109.22054 21.216217 -14.979656 -0.6470503 0.13173915 -0.75097984

p -12.279213 5.1155396 39.110287 -0.24652123 0.16324423 -0.9552898
-1 
-1 
-1 
-1 
1 -98.322586 19.697784 -19.79123 -0.56565493 0.09652722 -0.8189731

p -11.823601 4.8510437 41.465797 -0.22524042 0.18344866 -0.9568769
-1 
-1 
-1 
-1 
1 -89.07085 18.190186 -24.19289 -0.46912065 0.060146444 -0.88108355

p -11.726592 4.7871246 42.25268 -0.21840161 0.19380447 -0.9564207
-1 
-1 
-1 
-1 
1 -83.43121 16.832153 -28.103817 -0.3775676 0.026068412 -0.925615

p -12.587826 4.9842987 41.233395 -0.21207145 0.19758599 -0.9570713
-1 
-1 
-1 
-1 
1 -80.36067 15.8164215 -30.31184 -0.31494328 0.004043024 -0.94910187

p -13.479249 5.0702057 40.417484 -0.20639081 0.19968358 -0.9578775
-1 
-1 
-1 
-1 
1 -78.45169 14.943665 -31.751034 -0.2778308 0.021686574 -0.9603852

p -14.349689 5.0760193 39.760895 -0.19970737 0.20118134 -0.9589802
-1 
-1 
-1 
-1 
1 -77.00765 14.103195 -32.981525 -0.22941902 6.922348E-4 -0.9733275

p -15.38283 4.936325 39.134365 -0.19515072 0.20041479 -0.9600782
-1 
-1 
-1 
-1 
1 -75.6456 13.073914 -34.283512 -0.1842191 -0.023114817 -0.9826134

p -17.509129 4.0526276 37.785877 -0.18956853 0.18861312 -0.96358126
-1 
-1 
-1 
-1 
1 -74.386734 10.958221 -35.61748 -0.13254699 -0.009423419 -0.9911319

p -19.732012 3.180832 35.819935 -0.1860364 0.1756808 -0.9667092
-1 
-1 
-1 
-1 
1 -73.38639 8.626602 -36.71567 -0.09874144 0.027766088 -0.9947257

p -21.757132 2.4953156 33.403854 -0.18230781 0.16241175 -0.96973515
-1 
-1 
-1 
-1 
1 -72.72896 6.307068 -37.46391 -0.042779293 0.005926602 -0.99906695

p -23.55067 0.90982056 31.817097 -0.17782184 0.15160604 -0.97231424
-1 
-1 
-1 
-1 
1 -72.43271 3.597992 -37.80804 -0.014367697 0.010329038 -0.9998434

p -24.33022 -1.5208282 30.863857 -0.1686059 0.13302991 -0.9766653
-1 
-1 
-1 
-1 
1 -71.61231 0.3587799 -38.168056 0.02542675 0.010596853 -0.9996205

p -24.682594 -3.1597443 30.196344 -0.16230349 0.12046281 -0.97936016
-1 
-1 
-1 
-1 
1 -70.86707 -2.1075287 -38.39974 0.06447666 -0.007455399 -0.99789137

p -24.661486 -4.283844 29.696888 -0.1568903 0.11178138 -0.9812698
-1 
-1 
-1 
-1 
1 -70.060005 -3.933426 -38.643353 0.08571465 -0.009757673 -0.99627197

p -24.531673 -5.0936127 29.380573 -0.15110709 0.107832395 -0.98261833
-1 
-1 
-1 
-1 
1 -69.32409 -5.3431396 -38.81914 0.10277782 -0.016194586 -0.9945725

p -24.349552 -5.6947937 29.225296 -0.14915283 0.103708714 -0.9833605
-1 
-1 
-1 
-1 
1 -68.67937 -6.3763123 -38.94975 0.110678874 -0.015461326 -0.99373597

p -24.142042 -6.151825 29.123358 -0.14822665 0.10189039 -0.9836906
-1 
-1 
-1 
-1 
1 -68.081566 -7.1619263 -39.052265 0.114840664 -0.012470373 -0.9933056

p -23.825237 -6.605835 29.11599 -0.1448622 0.10124295 -0.98425853
-1 
-1 
-1 
-1 
1 -67.476776 -7.824005 -39.08295 0.11776975 -0.0045249127 -0.9930306

p -23.532932 -6.954895 29.11219 -0.14353979 0.09958103 -0.9846217
-1 
-1 
-1 
-1 
1 -66.93957 -8.36496 -39.104572 0.11913158 -5.3906883E-4 -0.9928783

p -23.272682 -7.2407837 29.10374 -0.14258726 0.099668205 -0.9847513
-1 
-1 
-1 
-1 
1 -66.4909 -8.774246 -39.1359 0.11895881 0.0066102003 -0.9928772

p -23.034264 -7.4984436 29.110172 -0.1411773 0.0990036 -0.9850215
-1 
-1 
-1 
-1 
1 -66.10805 -9.110077 -39.09554 0.118685655 0.013666028 -0.99283785

p -22.715992 -7.866974 29.209045 -0.14155754 0.096862875 -0.9851797
-1 
-1 
-1 
-1 
1 -65.61403 -9.592514 -39.01575 0.118831635 0.019874465 -0.9927155

p -22.410732 -8.3116455 29.306309 -0.14024897 0.09268398 -0.9857687
-1 
-1 
-1 
-1 
1 -65.30848 -9.926437 -38.92876 0.1195771 0.021087954 -0.9926009

p -22.186523 -8.924881 29.519035 -0.14155121 0.08890095 -0.985931
-1 
-1 
-1 
-1 
1 -65.10704 -10.493912 -38.66173 0.11742904 0.021348571 -0.9928518

p -22.004543 -9.754608 29.914955 -0.14206897 0.08449569 -0.98624384
-1 
-1 
-1 
-1 
1 -64.86394 -11.350204 -38.355648 0.112769604 0.028663974 -0.99320763

p -21.85891 -10.540756 30.284939 -0.14370899 0.08263167 -0.98616415
-1 
-1 
-1 
-1 
1 -64.622246 -12.295181 -38.0068 0.11490616 0.021333272 -0.99314725

p -21.745478 -11.140533 30.577747 -0.14662834 0.0784093 -0.98607916
-1 
-1 
-1 
-1 
1 -64.40024 -13.158951 -37.68446 0.11276534 0.023106573 -0.99335295

p -21.635744 -11.600433 30.860294 -0.14685616 0.07836827 -0.9860485
-1 
-1 
-1 
-1 
1 -64.186195 -13.912582 -37.405178 0.1121411 0.020947224 -0.9934715

p -21.535141 -11.978073 31.085714 -0.14660187 0.078072146 -0.98610985
-1 
-1 
-1 
-1 
1 -63.989223 -14.519699 -37.174152 0.11409932 0.013939993 -0.99337155

p -21.442 -12.287277 31.252821 -0.1461034 0.07836293 -0.98616076
-1 
-1 
-1 
-1 
1 -63.80793 -14.9978485 -36.96194 0.11128012 0.018672813 -0.99361366

p -21.307775 -12.585861 31.430824 -0.14664072 0.08005035 -0.98594546
-1 
-1 
-1 
-1 
1 -63.574944 -15.461685 -36.762325 0.112723 0.013604689 -0.9935333

p -21.176743 -12.853683 31.547472 -0.14612074 0.079988554 -0.98602766
-1 
-1 
-1 
-1 
1 -63.349255 -15.863358 -36.59901 0.1114348 0.014316548 -0.9936686

p -21.038162 -13.107376 31.630138 -0.14561239 0.080482855 -0.98606265
-1 
-1 
-1 
-1 
1 -63.110077 -16.21083 -36.439663 0.11290358 0.008922431 -0.99356586

p -20.485699 -13.972733 31.740614 -0.1452684 0.08041342 -0.98611903
-1 
-1 
-1 
-1 
1 -62.421932 -17.115463 -36.31988 0.11421386 0.0032907524 -0.99345076

p -19.820595 -15.785751 32.021355 -0.14497642 0.07696433 -0.9864372
-1 
-1 
-1 
-1 
1 -61.62976 -19.102074 -35.998425 0.11398443 0.0050333706 -0.9934698

p -18.887789 -18.640144 32.389763 -0.14497283 0.07491248 -0.9865957
-1 
-1 
-1 
-1 
1 -60.673233 -21.753647 -35.637234 0.11761667 0.0016472272 -0.9930577

p -17.490883 -20.496208 32.434505 -0.14297512 0.07263574 -0.9870573
-1 
-1 
-1 
-1 
1 -59.455025 -23.40857 -35.495083 0.117320284 0.0042756083 -0.9930849

p -16.597878 -21.74781 32.414093 -0.14438556 0.07075661 -0.9869885
-1 
-1 
-1 
-1 
1 -58.53402 -24.62265 -35.42246 0.12331773 -0.0014366099 -0.9923662

p -15.989458 -22.570847 32.34999 -0.14284486 0.07050618 -0.9872306
-1 
-1 
-1 
-1 
1 -57.75745 -25.643051 -35.45354 0.127342 -0.002083525 -0.9918567

p -15.438704 -23.264427 32.068256 -0.14178202 0.067830816 -0.9875712
-1 
-1 
-1 
-1 
1 -56.9952 -26.495567 -35.630436 0.13280262 -0.011680153 -0.99107367

p -15.196594 -23.313469 31.642471 -0.14038825 0.06844441 -0.98772794
-1 
-1 
-1 
-1 
1 -56.629818 -26.771996 -35.92419 0.13798197 -0.013559794 -0.9903419

p -15.128923 -23.2361 31.327782 -0.1389195 0.07031211 -0.9878044
-1 
-1 
-1 
-1 
1 -56.490234 -26.861626 -36.156612 0.1430921 -0.01761265 -0.9895527

p -15.243781 -22.9943 31.113346 -0.13861935 0.07283602 -0.9876637
-1 
-1 
-1 
-1 
1 -56.494118 -26.814964 -36.311245 0.14403033 -0.020365417 -0.9893637

p -15.720305 -22.485596 31.114113 -0.13873321 0.07210387 -0.9877014
-1 
-1 
-1 
-1 
1 -56.770805 -26.454948 -36.425663 0.15071851 -0.028962126 -0.9881524

p -16.117365 -22.060448 31.174465 -0.13854982 0.07221797 -0.9877188
-1 
-1 
-1 
-1 
1 -57.056072 -26.069145 -36.441395 0.15619309 -0.03759631 -0.9870108

p -16.464424 -21.720024 31.19107 -0.13744509 0.070810795 -0.98797506
-1 
-1 
-1 
-1 
1 -57.308598 -25.77285 -36.496014 0.15209453 -0.034668736 -0.98775774

p -16.724617 -21.479187 31.215797 -0.13197978 0.071027726 -0.9887044
-1 
-1 
-1 
-1 
1 -57.534676 -25.52172 -36.5106 0.14887819 -0.031989947 -0.98833793

