p 0.0 0.0 0.0 0.083755404 -0.06433982 -0.99440706
1 -66.25517 137.0947 -129.77599 -0.11708289 -0.3212213 -0.9397385
1 -39.640953 149.22781 -167.79137 0.018071048 -0.3891829 -0.92098325
1 4.9230113 153.5585 -176.80962 0.19450662 -0.20511262 -0.95921636
1 42.451298 157.72864 -152.7774 0.36564374 -0.19063944 -0.9110221
1 68.021454 165.96399 -73.233215 0.68818563 -0.04164454 -0.72433853

p -1.043252 1.2503967 -0.7398186 0.08304348 -0.072026074 -0.99393964
1 -54.313538 -25.98352 -68.21042 -0.11802697 -0.3268569 -0.9376749
1 -26.194958 -15.002075 -105.02771 0.011465858 -0.38316894 -0.9236071
1 18.732916 -10.004288 -114.31586 0.19241375 -0.19020744 -0.9627035
1 56.875946 -6.753418 -90.05383 0.36648834 -0.1821174 -0.9124251
1 84.07779 3.2306976 -9.421989 0.6962277 -0.017607689 -0.717605

p -1.8731623 2.085312 -0.69444656 0.08278495 -0.08079025 -0.99328727
1 -56.99807 -24.413437 -68.57172 -0.11975263 -0.32957324 -0.93650454
1 -28.163445 -14.471115 -104.96808 0.0063223075 -0.37885854 -0.925433
1 11.457511 -10.336121 -114.94711 0.18552601 -0.17813012 -0.966359
1 55.977367 -6.4680176 -90.38132 0.36670208 -0.17617607 -0.9135051
1 84.09141 5.0734406 -8.877556 0.7021229 -0.0026978224 -0.7120506

p -2.4631968 2.6203156 -0.44900894 0.08002635 -0.08577043 -0.99309576
1 -59.254295 -23.428833 -69.250305 -0.11913808 -0.33353975 -0.9351777
1 -29.913105 -13.962173 -104.32875 0.0010296159 -0.376342 -0.92648023
1 11.542778 -8.739227 -114.62935 0.18543132 -0.16734108 -0.96830374
1 55.13223 -6.0185394 -90.607666 0.36697114 -0.1714088 -0.91430366
1 84.06752 6.649826 -8.49691 0.7060408 0.012791606 -0.7080556

p -2.8866339 2.9671326 -0.28061676 0.0809043 -0.08523761 -0.99307054
1 -61.12162 -22.726746 -69.6033 -0.1187302 -0.3374594 -0.9338224
1 -31.399223 -14.046387 -104.1926 -0.0023194847 -0.37569275 -0.92674136
1 11.3844795 -7.5936127 -114.66063 0.18460108 -0.15914817 -0.96984243
1 54.277554 -5.831604 -90.639984 0.3670026 -0.1684797 -0.91483533
1 83.961365 7.864456 -8.1502075 0.7094647 0.029516343 -0.70412254

p -3.4076605 3.212204 -0.12194824 0.08071457 -0.086376466 -0.9929876
1 -62.657593 -22.240158 -69.770584 -0.11867648 -0.34098732 -0.9325468
1 -32.69061 -14.099335 -104.15135 -0.0057028136 -0.3744345 -0.92723584
1 11.014044 -6.41008 -114.87935 0.18355289 -0.14977813 -0.9715322
1 53.38576 -5.7158203 -90.58748 0.36733487 -0.16561049 -0.9152258
1 83.66431 8.718369 -7.826477 0.7121794 0.043649606 -0.70063907

p -3.9583597 3.4450226 0.036952972 0.082579814 -0.08486335 -0.9929646
1 -63.96959 -21.864243 -69.81758 -0.119367495 -0.3429457 -0.9317401
1 -33.872986 -14.074799 -103.987686 -0.008825821 -0.37296003 -0.9278054
1 10.512873 -5.5851135 -114.894226 0.18292536 -0.14263532 -0.9727248
1 52.48444 -5.690628 -90.4852 0.36776292 -0.16361295 -0.91541314
1 83.42861 9.4596405 -7.5184784 0.7139446 0.05639224 -0.69792765

p -4.905858 3.6521606 0.32819748 0.083667554 -0.086250946 -0.992754
1 -65.609604 -21.56015 -69.4044 -0.12127614 -0.3453308 -0.930612
1 -35.479313 -14.35582 -103.44618 -0.01212462 -0.3732808 -0.9276392
1 9.418541 -5.166382 -114.69325 0.18172486 -0.13697305 -0.97376305
1 51.25843 -5.855942 -90.3017 0.3676896 -0.16355453 -0.915453
1 82.86089 10.108215 -7.310646 0.71496916 0.06895061 -0.69574773

p -7.25278 4.319153 1.0575218 0.08470602 -0.083494596 -0.99290156
1 -68.407005 -20.576279 -68.649414 -0.12503822 -0.34644508 -0.92969954
1 -37.868565 -14.137222 -102.4814 -0.015147852 -0.3745957 -0.9270645
1 7.6630545 -4.0406036 -114.456924 0.18038231 -0.13077892 -0.97486365
1 49.029945 -5.7886047 -89.86755 0.36705604 -0.16407628 -0.9156139
1 81.65903 10.34111 -6.817169 0.71662366 0.07867557 -0.6930084

p -10.6326475 4.3023376 2.252472 0.08693116 -0.078567296 -0.9931114
1 -71.52081 -20.427032 -67.441315 -0.12874897 -0.34800684 -0.92860913
1 -40.517406 -14.563629 -101.32915 -0.017959053 -0.37588328 -0.926493
1 5.5425615 -3.6598053 -113.59378 0.17917718 -0.12557264 -0.97577
1 46.18024 -6.12175 -89.14401 0.3657597 -0.16566588 -0.9158464
1 80.14609 10.471985 -6.2053375 0.7186979 0.08440177 -0.6901809

p -13.181409 3.8663025 3.0190468 0.089552134 -0.07618798 -0.99306387
1 -73.99132 -20.695663 -66.39665 -0.13188909 -0.3507188 -0.92714703
1 -42.437054 -15.24736 -100.251724 -0.020169044 -0.37765056 -0.9257285
1 3.8290472 -3.6674194 -112.988556 0.17800659 -0.120838046 -0.9765817
1 43.755695 -6.627487 -88.491974 0.36454895 -0.1662176 -0.9162291
1 78.74152 10.391495 -5.695175 0.7200194 0.09122747 -0.6879314

p -15.0380335 3.2728882 3.5526772 0.09302137 -0.07440419 -0.99288017
1 -75.92703 -21.287827 -65.63985 -0.13461243 -0.35256913 -0.92605317
1 -44.0574 -16.09703 -99.49742 -0.02226837 -0.37958452 -0.924889
1 2.3525257 -3.8896332 -112.73059 0.17677541 -0.11634958 -0.9773501
1 41.92919 -7.3276367 -88.193634 0.36348066 -0.1672048 -0.91647387
1 77.33865 10.1940155 -5.288475 0.7211245 0.09622834 -0.68609005

p -16.768135 2.5803528 3.5244293 0.09715258 -0.070850074 -0.9927445
-1 
1 -45.734745 -16.930313 -99.14723 -0.024963567 -0.38031933 -0.9245183
1 0.93505955 -4.33255 -112.6718 0.1754048 -0.112847835 -0.97800744
1 40.056526 -7.862732 -87.989 0.36236745 -0.16784534 -0.9167976
1 75.98989 9.921783 -5.0933304 0.7220572 0.099992774 -0.68456906

p -18.278442 2.0575562 3.269207 0.09948249 -0.06659893 -0.99280804
1 -79.476006 -21.910248 -65.613266 -0.13649374 -0.3515576 -0.92616236
1 -48.10979 -17.511765 -99.13756 -0.029201692 -0.38037676 -0.92437047
1 -1.006072 -4.388809 -112.6068 0.17281085 -0.10784902 -0.9790327
1 38.100273 -8.121521 -88.2827 0.36049798 -0.16656885 -0.91776687
1 74.615395 9.814072 -5.3607254 0.7219151 0.10582171 -0.68384236

p -19.56989 1.7342224 2.937355 0.09910779 -0.059206717 -0.9933137
1 -81.10358 -21.82106 -65.46538 -0.14233586 -0.34926692 -0.9261496
1 -50.686157 -17.699692 -99.18921 -0.03464719 -0.37998703 -0.9243427
1 -3.0616407 -4.2577515 -112.83597 0.16909425 -0.102279134 -0.9802786
1 36.13734 -8.14415 -88.79288 0.35816544 -0.1645355 -0.91904604
1 73.27067 9.852692 -5.79998 0.72205013 0.10946278 -0.6831263

p -20.65789 1.5415802 2.4641342 0.096306235 -0.052960355 -0.9939418
1 -82.71485 -21.646591 -65.365326 -0.14883997 -0.34619507 -0.92628056
1 -53.30767 -17.644455 -99.817856 -0.04147626 -0.37741378 -0.9251154
1 -5.3285093 -3.9815826 -113.09775 0.16455539 -0.0967357 -0.9816128
1 33.618355 -7.817444 -89.65318 0.35507184 -0.16202904 -0.9206903
1 71.93868 10.098373 -6.4410095 0.7215434 0.11409492 -0.68290377

p -22.147446 1.5413818 1.7184448 0.085265264 -0.03789688 -0.9956373
1 -85.2087 -21.487793 -65.1272 -0.15722348 -0.34345403 -0.92591584
1 -56.943024 -16.947647 -100.417816 -0.0512852 -0.3725261 -0.92660356
1 -9.315171 -2.617813 -114.15466 0.15678279 -0.0878938 -0.9837143
1 30.02824 -6.050995 -91.52496 0.3503087 -0.15500085 -0.92371994
1 70.53235 10.732071 -7.6949997 0.71973276 0.120993346 -0.6836266

p -23.532398 1.5576935 1.0672112 0.074217714 -0.026574308 -0.9968879
1 -87.78943 -21.5139 -64.84879 -0.16592434 -0.3408914 -0.92534435
1 -60.433174 -16.039185 -100.99959 -0.06212041 -0.36533284 -0.9288019
1 -13.241214 -1.1120758 -115.27667 0.14796048 -0.07853401 -0.98587024
1 26.44645 -3.726242 -93.53569 0.3446271 -0.14548336 -0.92739785
1 69.13029 11.640625 -9.002319 0.71757174 0.12773536 -0.6846711

p -25.505947 1.5184326 0.31414032 0.05633467 -0.007798396 -0.9983815
1 -91.573944 -21.894287 -64.622696 -0.1802642 -0.33330092 -0.9254271
1 -65.480156 -14.643936 -101.4807 -0.077279896 -0.35458052 -0.9318264
1 -18.08215 0.8135834 -115.96661 0.13611455 -0.06696221 -0.98842746
1 21.500835 0.5001831 -96.61929 0.33549652 -0.12742981 -0.9333829
1 67.495926 13.622223 -11.087082 0.7129997 0.14027165 -0.68699

p -29.23899 0.71151733 -1.2673264 0.0026914561 0.02964689 -0.99955684
1 -98.76588 -23.879105 -62.43647 -0.21271813 -0.32507035 -0.9214555
1 -76.21187 -11.707489 -101.9272 -0.11290888 -0.32613775 -0.9385551
1 -25.689766 3.553131 -115.11284 0.115190834 -0.04826021 -0.99217033
1 15.080755 5.4388733 -99.40288 0.32166988 -0.098008916 -0.9417658
1 65.22322 15.89856 -14.01223 0.7089209 0.14222465 -0.69079906

p -33.956318 -0.6654053 -2.985382 -0.07507729 0.050732624 -0.9958863
1 -107.24811 -27.470413 -57.348755 -0.26545775 -0.32262358 -0.9085407
1 -92.083534 -9.66806 -99.50548 -0.180236 -0.2892679 -0.94012713
1 -31.283848 7.1588135 -115.67053 0.085533984 -0.023645932 -0.99605465
1 7.1396112 9.687439 -102.50928 0.30261797 -0.062201504 -0.9510801
1 62.620388 17.298447 -17.825844 0.70426226 0.145758 -0.694816

p -37.72571 -1.7866669 -4.470604 -0.14879645 0.052781116 -0.9874582
1 -114.24316 -30.490707 -53.248497 -0.3226079 -0.317627 -0.8916486
1 -107.03416 -8.365906 -97.67557 -0.2529733 -0.250074 -0.93459487
1 -42.32198 9.358688 -114.20174 0.040229384 0.0014884077 -0.9991894
1 0.0076885223 13.117554 -104.34543 0.28176776 -0.022574818 -0.959217
1 59.89642 18.441422 -21.642525 0.699093 0.14734414 -0.6996847

p -40.688652 -2.8146057 -5.880104 -0.22725964 0.04842995 -0.9726292
1 -119.66465 -33.110245 -49.919235 -0.3806841 -0.31316507 -0.87006164
1 -119.06077 -7.858429 -96.32756 -0.32548732 -0.20828685 -0.92232025
1 -57.932793 10.623047 -111.70207 -0.033455893 0.025327146 -0.9991192
-1 
1 57.20325 19.847809 -26.182083 0.6923912 0.15485345 -0.70470905

p -42.54249 -3.6108856 -7.6941376 -0.29152423 0.029858021 -0.95609736
1 -123.03777 -35.2565 -47.213516 -0.43174785 -0.30998242 -0.8470565
1 -126.88975 -8.102325 -95.3927 -0.39069915 -0.17046115 -0.9045978
1 -75.769325 11.3120575 -111.08835 -0.1191809 0.051476434 -0.9915372
1 -7.6365423 16.393906 -107.8006 0.25285614 0.019089423 -0.96731555
1 54.750866 20.951096 -30.886246 0.68514425 0.16136739 -0.7103083

p -43.27514 -4.111084 -8.992226 -0.33592796 0.015476398 -0.94176054
1 -125.18473 -37.00734 -45.18933 -0.47443745 -0.31102446 -0.82351255
1 -130.99724 -8.46402 -94.55676 -0.44167888 -0.13905789 -0.886331
1 -85.792305 11.326309 -110.09761 -0.19709712 0.0703177 -0.97785896
1 -14.733912 19.200516 -110.479614 0.21816409 0.06409566 -0.973805
1 52.425465 21.617844 -34.56952 0.6790159 0.16543712 -0.7152398

p -43.07769 -4.453491 -10.651321 -0.3675832 0.003618792 -0.9299836
1 -126.108574 -38.372093 -43.967094 -0.5080485 -0.30990034 -0.80364704
1 -132.57037 -9.15921 -94.19371 -0.48020494 -0.1181046 -0.8691689
1 -89.96165 10.8637085 -109.86157 -0.2623643 0.08244294 -0.9614407
1 -19.426388 21.430954 -113.07802 0.18118972 0.10565883 -0.97775584
1 50.85917 22.494827 -38.09265 0.6726312 0.1709334 -0.71996456

p -42.150627 -4.518631 -11.420059 -0.38647154 -0.007047062 -0.9222744
1 -126.27662 -39.368477 -43.23033 -0.535166 -0.31189096 -0.78506136
1 -132.55843 -9.766769 -93.64635 -0.5101844 -0.10421576 -0.8537277
1 -91.6331 10.261536 -110.16226 -0.31271863 0.09017292 -0.94555587
1 -22.191376 23.48462 -116.13205 0.14504878 0.14408562 -0.978877
1 50.100887 23.821579 -41.93258 0.666205 0.17796713 -0.7242228

p -41.195103 -4.413025 -11.265335 -0.42046085 -0.044678025 -0.90621
1 -125.74941 -40.174828 -42.931404 -0.5559626 -0.31423458 -0.76952076
-1 
-1 
1 -23.108383 24.555939 -116.90178 0.11433168 0.17507564 -0.97789407
1 49.515633 24.662369 -44.557938 0.66081357 0.18181999 -0.7281943

p -40.126583 -4.269928 -11.707054 -0.4281244 -0.043503687 -0.9026721
1 -124.605705 -40.663353 -43.049477 -0.57203907 -0.31913498 -0.7555952
1 -130.36942 -10.286179 -93.72702 -0.53131926 -0.09492989 -0.84183615
1 -90.33981 9.032257 -111.04736 -0.34863785 0.089434326 -0.9329808
1 -22.887589 25.487152 -118.86159 0.086183034 0.19711824 -0.9765843
1 49.46156 25.302032 -46.722588 0.65703 0.18086967 -0.73184544

p -37.10759 -3.5600586 -13.358635 -0.4295789 -0.03450548 -0.90236986
1 -122.80363 -39.937355 -44.733063 -0.58524394 -0.31645882 -0.7465543
1 -126.40746 -9.62767 -95.59474 -0.5404384 -0.08166019 -0.83741146
1 -86.568275 7.418213 -112.8981 -0.36833894 0.08301117 -0.9259782
1 -19.977356 25.921051 -120.92862 0.06754015 0.21113655 -0.97512037
1 50.34444 26.008698 -48.421425 0.65342766 0.18186678 -0.7348175

p -23.331913 -0.58374023 -13.775322 -0.35891744 -0.02366243 -0.9330693
1 -114.78542 -32.507507 -52.436638 -0.5734081 -0.2915205 -0.7656493
1 -104.29963 -6.7703705 -100.02147 -0.48262313 -0.07261166 -0.872813
-1 
-1 
1 55.067642 26.790222 -47.190834 0.65648407 0.19008295 -0.72999805

p -5.661031 2.985199 -14.953789 -0.21055184 -0.09742246 -0.9727162
1 -77.53448 -29.559067 -64.12005 -0.4696129 -0.3073478 -0.8276479
1 -7.2199926 -14.200989 -102.406006 -0.3830627 -0.16664569 -0.908566
1 11.265573 -6.156479 -113.95889 -0.18605892 0.010893535 -0.9824782
1 25.921803 16.059967 -116.94736 0.110455014 -0.009527867 -0.99383545
1 60.535423 28.528656 -43.74018 0.6510828 0.19053979 -0.73470116

p 3.2276897 5.221588 -14.113434 -0.08157114 -0.17689477 -0.9808437
-1 
1 -9.822959 -17.860779 -99.84039 -0.23840012 -0.22465794 -0.94482493
1 21.878338 -19.369003 -108.550476 -0.05996685 -0.1251614 -0.9903225
1 38.13874 -7.930908 -106.343506 0.14961131 -0.06377354 -0.98668605
1 64.90372 30.04335 -40.22197 0.6466026 0.19195272 -0.7382813

p 6.7988024 6.996231 -12.017662 0.004582186 -0.2170654 -0.9761463
1 1.5815611 -40.162758 -61.855858 -0.34399796 -0.37826678 -0.8594066
-1 
1 3.2353363 -23.5504 -103.28017 0.015133329 -0.21013817 -0.97755456
1 33.39154 -28.487427 -95.83325 0.18610944 -0.23928057 -0.9529471
1 68.6818 31.437195 -36.938683 0.6426895 0.19903566 -0.7398209

p 7.1104326 8.486801 -7.980034 0.055304177 -0.23382278 -0.9707051
1 17.143246 -49.5113 -56.55182 -0.19051549 -0.4927938 -0.84903365
-1 
-1 
1 10.882015 -31.728302 -91.8584 0.2046859 -0.32598233 -0.92295134
1 71.53537 32.48633 -33.812874 0.64028776 0.1994056 -0.74180114

p 6.5395613 9.815369 -5.5588303 0.08831731 -0.223985 -0.9705827
1 19.799717 -54.208206 -48.37764 -0.055288978 -0.60579485 -0.79369754
-1 
1 -3.6569834 -28.42714 -95.48967 0.13060926 -0.32486084 -0.93669987
1 35.04691 -29.10405 -86.1319 0.19960037 -0.4079684 -0.89091045
1 73.50304 33.33943 -30.921234 0.63792884 0.20759296 -0.74158746

p 5.4249506 10.844009 -3.2172394 0.11165937 -0.22527193 -0.96787643
1 19.495296 -55.58104 -42.644196 0.042190563 -0.70668125 -0.70627296
-1 
1 -4.9327574 -31.183624 -89.097595 0.22391814 -0.41362154 -0.8824839
1 44.062363 -28.720657 -80.27286 0.1981512 -0.48560876 -0.8514225
1 74.94885 34.2213 -28.404022 0.6394718 0.20503622 -0.7409696

p 3.1033459 11.932953 0.16116714 0.11871055 -0.2178989 -0.96872485
-1 
-1 
1 -4.8041067 -33.01448 -83.582886 0.29723868 -0.47687945 -0.8271851
1 46.411377 -29.508041 -74.71983 0.19141093 -0.5606077 -0.80565554
1 75.88651 34.98561 -26.261879 0.6417208 0.20658779 -0.73859054

p 0.9670992 12.744598 3.4773102 0.12836131 -0.20384805 -0.9705511
-1 
-1 
1 -4.843755 -33.77069 -78.56322 0.35685536 -0.522942 -0.77407104
1 46.477768 -31.27031 -69.40636 0.18239185 -0.6257535 -0.7583968
1 76.69369 36.04811 -24.806473 0.64243615 0.21081433 -0.7367721

p -2.407651 13.411636 7.873394 0.13633142 -0.17166916 -0.9756759
1 15.048566 -46.164093 -41.676636 0.14168525 -0.69165516 -0.7081938
-1 
1 -5.132159 -33.737946 -72.93799 0.40866384 -0.5588213 -0.72160417
1 44.29286 -32.97699 -62.942627 0.17440884 -0.6903697 -0.7021191
1 76.472244 36.2856 -23.23523 0.64441055 0.2132367 -0.73434675

p -4.390607 13.919601 11.253017 0.13149606 -0.16119054 -0.9781239
1 8.879082 -43.12316 -41.119576 0.11709305 -0.7185159 -0.68558306
-1 
-1 
1 41.819565 -34.058197 -56.98619 0.16726507 -0.7476962 -0.64262956
1 75.9644 36.24695 -21.935555 0.6463433 0.21388334 -0.7324577

p -7.672942 14.247604 15.568779 0.1354548 -0.14000686 -0.9808415
-1 
-1 
-1 
-1 
1 74.72641 35.531982 -20.988892 0.6475245 0.2124987 -0.7318172

p -19.33231 14.257416 22.740452 0.14547816 -0.09506599 -0.98478353
-1 
-1 
1 -14.082845 -30.538376 -65.92848 0.3482544 -0.6561486 -0.66946834
-1 
1 69.395195 32.365417 -20.83001 0.6404035 0.19999708 -0.741542

p -25.79877 14.197342 27.550129 0.15158714 -0.059097655 -0.9866756
-1 
-1 
-1 
-1 
1 62.485386 28.534576 -21.25766 0.62943 0.1878407 -0.7540118

p -38.612015 12.333374 30.391392 0.15043862 -0.08572672 -0.9848955
-1 
-1 
1 -31.950504 -27.865967 -57.787926 0.16240007 -0.772524 -0.61386716
-1 
1 46.560425 22.031662 -23.970192 0.60891056 0.17092228 -0.7746054

p -46.096813 10.584412 31.905764 0.13337563 -0.1043211 -0.98555976
-1 
-1 
1 -49.369072 -24.04802 -47.279915 -0.21700318 -0.7933724 -0.5687441
-1 
1 16.000042 11.338333 -28.392815 0.55989426 0.15895537 -0.8131738

p -49.829903 9.26236 33.215862 0.11736253 -0.12324352 -0.9854121
-1 
-1 
-1 
-1 
1 -4.8836985 0.38471985 -32.49533 0.4830096 0.13081323 -0.86578846

p -51.96939 7.485855 34.422375 0.09977503 -0.13418406 -0.98592067
-1 
-1 
1 -70.28871 -19.253967 -32.95405 -0.56617093 -0.5361182 -0.62612116
-1 
1 -17.110767 -8.733276 -35.594933 0.34316522 0.10439162 -0.93345594

p -53.047745 6.2579803 35.241947 0.0842548 -0.13525781 -0.9872216
-1 
-1 
1 -70.604454 -17.009521 -32.209328 -0.42149305 -0.43798798 -0.7940467
-1 
1 -20.288902 -12.425461 -37.00673 0.21264812 0.06683516 -0.9748404

p -53.43222 5.342392 35.755135 0.068993956 -0.13629788 -0.9882625
-1 
-1 
-1 
-1 
1 -21.428608 -14.148224 -37.53691 0.113106 0.06885183 -0.9911945

p -53.395134 4.6980286 35.897835 0.05948576 -0.13734676 -0.9887352
-1 
-1 
1 -73.42351 -16.728195 -28.720345 -0.6611362 -0.15443482 -0.73419946
-1 
1 -22.210098 -15.264832 -38.514412 0.1195533 -0.12446199 -0.98499554

p -53.24581 4.2408447 36.15623 0.051953163 -0.13814901 -0.9890479
-1 
-1 
1 -73.60787 -16.652695 -28.128479 -0.7418982 -0.11339578 -0.66085434
-1 
1 -22.594368 -15.997528 -38.38559 0.04635785 -0.11049299 -0.99279517

p -52.94761 3.787033 36.501926 0.040713903 -0.13964322 -0.9893645
-1 
-1 
1 -73.32735 -16.956955 -27.845154 -0.76193565 -0.09271055 -0.6409827
-1 
1 -22.852604 -16.680496 -38.19319 -0.018503325 -0.10594691 -0.99419963

p -52.59498 3.349289 36.700348 0.027570805 -0.13932283 -0.9898631
-1 
-1 
1 -72.89518 -15.99614 -28.016151 -0.62730277 -0.10714379 -0.7713699
-1 
1 -23.020245 -17.365158 -38.033226 -0.069775745 -0.090508096 -0.9934484

p -52.116264 2.915512 36.93221 0.0079630185 -0.1389776 -0.9902635
-1 
-1 
1 -72.28095 -15.340881 -28.20417 -0.5115125 -0.11171307 -0.8519831
-1 
1 -23.122639 -18.248383 -37.907707 -0.12608634 -0.07223452 -0.9893859

p -50.075546 2.229309 37.07721 0.008915654 -0.13160771 -0.9912618
-1 
-1 
1 -71.12588 -16.158249 -27.966492 -0.7386712 -0.09110989 -0.6678801
-1 
1 -22.534252 -18.983292 -37.787323 -0.18297148 0.0037491813 -0.9831111

p -48.051914 1.6696777 37.250816 0.01520114 -0.1261653 -0.99189276
-1 
-1 
1 -69.85191 -16.723923 -27.856186 -0.85699075 -0.029304354 -0.5144979
-1 
1 -21.881649 -19.588089 -37.63398 -0.22780016 0.070446774 -0.9711562

p -45.36898 1.0262146 37.33699 0.02199727 -0.12194947 -0.9922925
-1 
-1 
-1 
-1 
1 -20.81821 -20.182129 -37.382683 -0.25955278 0.1311022 -0.95678866

p -42.662563 0.096572876 37.297695 0.031572837 -0.12087063 -0.99216604
-1 
-1 
-1 
-1 
1 -19.476234 -20.968124 -37.34327 -0.26901686 0.14594135 -0.9520142

p -40.971634 -0.6491852 37.200447 0.036209807 -0.11910735 -0.9922209
-1 
-1 
1 -66.43538 -17.427338 -27.352707 -0.53627807 -0.098734185 -0.83824664
-1 
1 -18.371803 -21.648605 -37.306496 -0.27087653 0.14573257 -0.9515188

p -39.983925 -1.163559 37.121338 0.035779726 -0.11813631 -0.99235255
-1 
-1 
1 -64.5277 -18.032013 -27.602707 -0.7463046 -0.09380576 -0.6589613
-1 
1 -17.465542 -22.24144 -37.277794 -0.2704788 0.15278487 -0.9505251

p -39.323112 -1.5461884 37.070045 0.03695838 -0.11865335 -0.9922477
-1 
-1 
-1 
-1 
1 -16.704464 -22.692276 -37.2985 -0.27115586 0.14936773 -0.9508753

p -38.835598 -1.8364868 36.988358 0.03480487 -0.11516948 -0.9927359
-1 
-1 
1 -62.636543 -18.28421 -27.53524 -0.5039852 -0.120701045 -0.8552369
-1 
1 -16.064754 -23.060043 -37.337547 -0.27315775 0.15797442 -0.94890934

p -38.40801 -2.0883942 36.90702 0.04242466 -0.11743627 -0.9921738
-1 
-1 
-1 
-1 
1 -15.477454 -23.381073 -37.35965 -0.27301523 0.15849306 -0.94886386

p -38.05542 -2.2935028 36.847675 0.035385024 -0.11684183 -0.99252
-1 
-1 
1 -61.223778 -18.497528 -27.507729 -0.38280463 -0.13988914 -0.91317666
-1 
1 -14.982528 -23.66336 -37.392296 -0.27482665 0.1626809 -0.94763136

p -37.739666 -2.4631348 36.78963 0.03434616 -0.11531959 -0.9927345
-1 
-1 
-1 
-1 
1 -14.547341 -23.878632 -37.410492 -0.27684683 0.16447753 -0.9467328

p -37.344086 -2.5718231 36.70832 0.04051797 -0.115125164 -0.9925243
-1 
-1 
-1 
-1 
1 -13.966517 -23.902939 -37.504326 -0.27694443 0.16546755 -0.9465317

p -36.574505 -2.4943085 36.3966 0.04449686 -0.114513636 -0.9924246
-1 
-1 
-1 
-1 
1 -13.273383 -23.782013 -37.61342 -0.27881852 0.17871657 -0.94356805

p -35.85132 -2.382782 36.116318 0.045458388 -0.113469586 -0.99250096
-1 
-1 
-1 
-1 
1 -12.640124 -23.617126 -37.719193 -0.28093123 0.18532285 -0.94166505

p -35.141335 -2.250763 35.677425 0.04641802 -0.11425135 -0.99236685
-1 
-1 
-1 
-1 
1 -11.914346 -23.32367 -37.927017 -0.28444055 0.19332719 -0.9389985

p -34.62519 -2.1499329 35.337097 0.045288663 -0.11445894 -0.9923951
-1 
-1 
-1 
-1 
1 -11.312995 -23.044113 -38.112602 -0.28805128 0.1958693 -0.9373696

p -34.1624 -2.1161652 34.969986 0.04293615 -0.11586088 -0.992337
-1 
-1 
-1 
-1 
1 -10.789716 -22.866425 -38.305214 -0.29654443 0.19619957 -0.93464816

p -33.803852 -2.3601074 34.58696 0.03956998 -0.118057854 -0.992218
-1 
-1 
-1 
-1 
1 -10.438298 -22.849075 -38.50405 -0.29905036 0.19907781 -0.93324

p -33.57657 -2.5379944 34.355057 0.042603154 -0.12199663 -0.9916158
-1 
-1 
-1 
-1 
1 -10.172467 -22.934143 -38.639603 -0.30175993 0.20149979 -0.931847

p -33.421734 -2.7194672 34.22605 0.0416955 -0.1253083 -0.9912413
-1 
-1 
-1 
-1 
1 -9.969232 -23.084946 -38.709267 -0.31341177 0.19500415 -0.9293796

p -33.315716 -2.9076538 34.094406 0.044273738 -0.12660746 -0.99096435
-1 
-1 
-1 
-1 
1 -9.794801 -23.271255 -38.70739 -0.3228806 0.19060698 -0.9270475

p -33.23039 -3.0914917 34.07169 0.045889758 -0.12714793 -0.99082166
-1 
-1 
-1 
-1 
1 -9.656775 -23.51477 -38.694283 -0.32889846 0.19032468 -0.92498773

p -33.148438 -3.6139374 34.067562 0.03913899 -0.12832578 -0.99095947
-1 
-1 
-1 
-1 
1 -9.574788 -23.974792 -38.634064 -0.32938224 0.19369176 -0.92411625

p -33.033146 -5.1181793 34.294262 0.031201744 -0.13187629 -0.990775
-1 
-1 
-1 
-1 
1 -9.5927725 -24.972443 -38.488976 -0.33625382 0.19034101 -0.922336

p -32.97166 -6.107437 34.43254 0.024730619 -0.13630636 -0.990358
-1 
-1 
-1 
-1 
1 -9.680228 -25.975677 -38.332382 -0.3365933 0.19199944 -0.9218683

p -32.935833 -6.772064 34.629242 0.0178003 -0.13601094 -0.9905474
-1 
-1 
-1 
-1 
1 -9.740384 -26.810822 -38.165222 -0.3427078 0.18841122 -0.9203546

p -32.912674 -7.150543 34.647987 0.014006563 -0.13832994 -0.9902871
-1 
-1 
-1 
-1 
1 -9.8159895 -27.371613 -38.05751 -0.35295844 0.17580193 -0.91897446

p -32.889584 -7.3613586 34.761047 0.02028509 -0.13761716 -0.99027777
-1 
-1 
-1 
-1 
1 -9.835195 -27.832153 -37.903664 -0.35880664 0.17119017 -0.9175793

p -32.881207 -7.44252 34.8051 0.021466896 -0.13740206 -0.9902827
-1 
-1 
-1 
-1 
1 -9.840053 -28.14795 -37.772095 -0.36356333 0.16801892 -0.9162922

p -32.879696 -7.475189 34.766666 0.022493351 -0.13648619 -0.9903866
-1 
-1 
-1 
-1 
1 -9.827386 -28.385956 -37.647736 -0.36296937 0.16991487 -0.91617805

p -32.877438 -7.477646 34.739986 0.022232097 -0.13530366 -0.9905547
-1 
-1 
-1 
-1 
1 -9.809068 -28.572556 -37.521385 -0.36633733 0.16757677 -0.9152677

p -32.874073 -7.4569397 34.7365 0.023872811 -0.13588716 -0.9904367
-1 
-1 
-1 
-1 
1 -9.787442 -28.70543 -37.398445 -0.3694878 0.16499455 -0.9144701

p -32.87014 -7.4261627 34.736755 0.022931235 -0.13583712 -0.99046576
-1 
-1 
-1 
-1 
1 -9.878823 -28.7276 -37.4588 -0.37965402 0.14168292 -0.91421485

p -32.865307 -7.3672485 34.82727 0.025394654 -0.13578787 -0.9904124
-1 
-1 
-1 
-1 
1 -9.863099 -28.796127 -37.34661 -0.38240173 0.14071208 -0.91321903

p -32.87581 -7.2951202 34.826515 0.024627259 -0.13654825 -0.99032724
-1 
-1 
-1 
-1 
1 -9.8537245 -28.825897 -37.269547 -0.38534716 0.14131346 -0.9118871

p -32.87676 -7.143509 34.875267 0.025599442 -0.13699734 -0.9902406
-1 
-1 
-1 
-1 
1 -9.841346 -28.752762 -37.239204 -0.38589948 0.14325161 -0.91135097

p -32.925644 -6.3504486 34.925446 0.021967137 -0.13523404 -0.9905701
-1 
-1 
-1 
-1 
1 -9.83669 -28.295105 -37.176857 -0.38712668 0.14488761 -0.9105715

p -33.065254 -5.6983185 34.998337 0.019869471 -0.13185257 -0.99107015
-1 
-1 
-1 
-1 
1 -9.936358 -27.752655 -37.056213 -0.38939005 0.14502797 -0.90958357

p -33.33334 -5.2292786 35.130203 0.024429288 -0.13329688 -0.99077505
-1 
-1 
-1 
-1 
1 -10.159724 -27.46756 -36.925896 -0.38986927 0.14849184 -0.9088191

p -33.690556 -4.9908752 35.27401 0.025831442 -0.13344228 -0.9907199
-1 
-1 
-1 
-1 
1 -10.492368 -27.294495 -36.836174 -0.38802487 0.15152211 -0.9091082

p -33.924297 -4.863983 35.33226 0.028275702 -0.13489614 -0.9904562
-1 
-1 
-1 
-1 
1 -10.768735 -27.12178 -36.786095 -0.38616848 0.15493096 -0.9093241

p -34.092033 -4.784317 35.40634 0.02924025 -0.13610539 -0.99026275
-1 
-1 
-1 
-1 
1 -10.971093 -27.034576 -36.707703 -0.3845024 0.15772876 -0.90954906

